50071622
61097419
72965955
62423906
49957507
46537576
92317447
30564953
35178556
61228699
74556289
72024835
56595185
32758227
56131299
23592569
60005754
21653741
59656690
64304057
18825287
49502922
18524495
65067659
64877724
17440415
55047249
67961196
78004323
95691218
99823223
37943482
37303924
94018267
94323866
56664562
99317250
51800613
29117023
53510648
63678497
15701211
25515441
85201904
28019347
79440723
20787553
88107837
84407103
63684248
70429544
68685076
55532735
25490834
99955399
21516604
31160600
29380436
39531535
52810084
46224773
10554498
38105725
46394144
28774252
64287709
56461501
47627778
20703602
93962093
73118543
39611473
39387690
32191050
16095751
90023145
90534504
93739654
22177966
86027694
72709044
53855162
10864327
77102894
38450906
32518316
41038316
86393171
79678879
69985494
63606337
57454094
52947109
45950842
50279890
32849392
58319837
18589649
41606059
59832921
20194405
51098801
46795643
71299295
32850883
13999703
40345702
81116998
80402950
98910741
60809495
83436436
84843720
23577388
22177775
78986703
94350547
35140260
88812787
79551460
38857479
66120983
24494850
26841328
46932628
66289315
38236866
39800910
89348153
75704195
71125180
98988353
54354471
21717065
27234948
14924603
28606778
99622289
74687688
87647755
12111942
73465515
35327514
57557072
97632418
89923330
66161329
38238113
93411204
20799322
12838055
87974664
35410298
10198628
20609429
32151337
66210086
31948634
53776796
22584735
73569846
15878230
75891600
33707358
69840934
38563387
75757548
70476991
40798050
19306260
72812724
49298112
30928834
70234788
73590806
21581445
12707194
63939142
77253272
42361430
38119485
38137726
50078137
44119626
42131627
38417524
21018726
65819862
54658327
98261900
69327238
26373367
38787746
62658224
75428983
30245510
67525351
12788476
66981086
90003375
68746579
86889591
83059577
76696451
54062150
98008880
33541376
52443395
60346431
73171951
71966822
56114313
29117239
21100933
92807746
93219313
78669339
40550463
72630101
99678549
93445989
79272692
65315639
54436464
41950294
35870910
68310051
58876196
56861778
96129733
18378075
83713558
70477143
77049911
53304249
74753783
79556891
24070100
16301268
84477790
54021442
87805733
71122507
15868753
53172793
45700940
29884721
66849507
90816946
38668023
73173653
97068407
96484028
82295534
48535458
23323902
65897804
15305630
19710127
67567375
85523690
43341244
62514744
87938294
53279873
90377017
39877125
62678071
64176177
65353635
13946877
79167225
46869752
28899096
81906194
48101579
18346021
82764882
13837323
56932322
47138341
39220728
79498889
52994590
30158702
57178783
17668827
16054923
41719988
90192530
43048381
69430083
91578113
23747134
48217122
39165958
24763826
33376969
67693147
73424158
28101431
96796731
26539363
96699747
92705767
13520858
12101189
77667803
13640574
24982293
25021738
99103737
47854260
24080662
11870339
35840134
49468666
25994490
61553999
15956765
88903124
77143325
39206409
44998096
27245518
62966286
24525234
10293225
31404700
65323170
21854838
78183762
66087716
94475006
76030326
91652394
50262097
75512872
17290587
21691651
88202087
46321569
32554621
33767116
70998348
35716096
92300919
35708834
33666761
86171778
24287345
34408067
82837640
83552944
33549931
51993241
40559758
55983753
81471253
75563067
12086746
30440902
42750971
56655037
60094868
92516905
51260292
12227237
82504498
45222007
35957984
59893174
14641213
45705619
28558493
47683610
10630318
67812537
65879001
87540651
69424498
87885139
79228690
67405790
10055949
74216699
94125209
74988236
99143770
99842062
59938597
65599838
86199921
74917097
48969604
46804757
82636705
71664963
73886445
48375668
55201436
79848999
76791792
61162506
49985458
87715980
39911310
72312352
29312950
11289107
89105637
85506043
61169789
89017180
82640516
97777870
36441476
84658948
16318813
86277823
90195889
54358463
80248536
95388948
98092082
68661519
97744900
85922426
63819906
36626207
63021544
67495538
60223114
20110270
63898360
58818776
16897252
70542075
59126947
50037649
86674362
49519833
29299593
40773841
71989837
80981295
42569930
35935239
70267026
95713567
42424570
27518437
36702326
67374512
90251440
39727119
36942147
24403851
70750014
75264095
35713691
73504207
83202170
21367379
79367825
96633659
92279188
50916022
22077299
80897120
32466595
39555296
54950879
20074378
72695074
89560007
93318369
46828137
16974909
67722457
75640351
86664884
79580851
29744398
72889077
62017458
78251653
97396550
39911729
95827446
78957369
54125007
48103400
51678504
70064971
67243522
71393779
38523133
14563121
40704908
13329162
57659208
22373130
71347530
74875130
14685994
82647138
73836366
77898886
17273061
74703652
82365951
66901976
88820559
49036445
97764386
23220706
60993961
62536545
89124694
20192240
92502268
35488386
38297854
16263668
29264655
59957460
45147448
33470723
83997348
61219787
89413330
88699489
70014840
89619358
66753022
96033071
55100421
41709127
19184690
69791682
51763057
60786598
81445535
99003536
54611478
16214981
51767115
79946052
85055151
44335671
63969997
78246257
63351963
47783833
89330597
30851810
90592337
83540026
54993333
17465359
80047585
91727319
68171872
37876909
52213795
79964415
46184254
85753437
84923134
67326101
74161401
73658500
65022934
60671092
22936135
49765306
14769427
86591405
66941060
95052763
16014667
44629739
75503978
60261692
67315211
16315768
83268976
89077063
68721752
14938301
82108520
79861595
69766675
72739272
60800432
60721213
35371665
73315574
90091330
32089629
71108462
74077358
22174217
35081740
70142244
94380945
65130504
88856311
45543776
92862636
32715697
88609699
68186242
77995797
11069058
34037749
51173176
56158628
90346834
40695205
41057487
68873223
90025700
44248990
70692336
60895228
29433207
65095235
51690176
58251588
27610947
93007143
69066693
55975741
89203985
29920267
92468826
54764520
88345479
42216693
99470395
59561621
66310658
65995753
48723904
44252333
61573276
86542790
31828647
39801756
28041293
28216640
68224266
54634329
26644397
93389686
71384943
74433555
22426071
84443568
98114686
33525370
30919786
77073590
57077197
34733223
33305257
58507471
74236887
79608360
67893570
74653781
14411276
57091116
56623788
26712433
41301762
40401351
81307129
55936969
67582563
24930667
12702307
34053724
64903876
32949203
51258034
90164534
78846292
36724777
21437940
79878613
12696822
81707825
56436554
67915769
53065207
75257541
69613647
17273148
55129740
58634517
14835369
36853445
70557041
50515358
99897986
58008078
15844768
47793313
56946990
68083665
63880289
83426569
67065529
49680891
59473213
76311322
50202514
45782019
84426983
89634892
34469674
35526592
23037288
43731742
47004608
93489411
94204951
16561795
60395456
64666352
41009112
11498321
10988334
48899665
68590005
33539631
42168867
19441806
39190613
56596280
49993796
44997969
38050836
70683633
26876341
68139281
47686682
33455697
80378704
22307126
97303858
37675433
74164804
19837204
48358585
36424494
81791322
76959109
18435633
72925733
33331283
45122850
87050613
21252777
31791726
36520606
86954759
96442908
22386438
92233535
59833221
64327336
64596439
19797113
66309307
72538865
50209505
75770152
56221393
40562393
76170597
70556905
87003557
17722735
84509708
14213270
28039476
20300277
11002919
42498653
17605169
52968204
21540113
41904637
89291960
89856638
11987761
25968540
14706716
44199208
92933020
72890823
60200284
12841346
44466647
57913862
13663285
39789004
93592378
11386651
57413201
70490711
87013871
94066647
96703261
40775278
78987162
11311544
91867999
96033427
36282853
85716359
84307369
19231950
91723165
50854979
63910751
33761400
32776071
42356106
56490106
11454495
59080122
28806183
29161997
82202503
35360568
86361060
22571710
84158557
47472448
24862291
94638356
18168093
40786266
17214738
75613682
59146505
36183393
79878785
99173169
56889014
41914417
55482286
51330265
77168960
58476525
84875346
85094651
45671710
24118125
49474293
49544109
84080144
13487043
89570476
33164451
87694901
81351273
79146755
88170086
57035961
23833352
48198773
18011700
59908523
37857127
73095960
44224629
56824172
67737710
43619286
63241685
83167043
82173526
64780757
58248834
23693198
33805552
80939256
70144900
92383251
71740174
41023487
98499891
27480053
65641490
12237258
34615642
95272258
82470545
27066427
73719143
16533929
87233995
55035977
86777161
37338960
74209268
49642148
95808508
27813237
93302500
86489394
59066702
75504743
49920622
66118546
83033663
53369522
26356493
44462172
89488799
10065229
71030625
72815249
34019610
51293412
33717063
46252724
62244069
49333040
16556307
66826354
52998788
83865857
35635437
38494588
25668021
39993693
96863557
96092021
13520252
80577859
55847028
13570695
57608012
86716168
92310385
76264464
79147727
59950307
92774700
75766266
47279698
48571908
71477386
83950288
64312670
97978878
36933261
85855002
49223430
17450048
79673559
87339808
61330611
53543853
29927240
60925790
69135077
55503803
22047652
41774821
83582883
10987287
42269894
43367172
11512029
28819789
25566868
71215343
48074739
73006836
37421789
23921155
67004288
84730152
15784221
56613011
76068050
80912738
92982113
64489282
89739932
78813162
80120499
54670113
95917744
26982923
79525035
69838196
41793705
69698682
64057827
33450354
14144427
59969032
54745737
47734412
45731969
44071867
85310072
91622988
20498803
97448889
67019295
55406810
49901078
54564869
93972121
29414919
52342003
34050021
18398188
22684421
72990295
76044004
76298459
65481785
24077623
57331316
29480296
93562153
47759037
86106155
25389162
52702067
97463086
39585990
34378641
32324107
14354475
62042189
76742920
31903048
85579904
13955890
18742011
51719437
98500345
55514662
22836911
67650432
36294582
55207570
52085847
49962715
78079659
29082096
67319528
89238991
37767618
94275527
51606280
30321044
36479387
37223489
81950884
44229010
33696371
39802602
94251680
32239269
49468962
34626439
55294122
45279505
16734270
89058449
59613992
38657026
45251934
55135949
15053647
58767422
49917561
12737161
71592021
78075241
84845420
68061941
75415102
74498164
66803611
60438227
92851492
68760877
18801916
34050482
39894714
94661577
43006846
46224708
42351621
98140986
28298678
36752896
70811289
32175631
81503395
87289960
17775895
97803297
98947819
34392287
54044112
67016228
23583556
36544630
94548746
26003196
33816002
28119003
34572576
94275768
73153104
66047198
44395078
93495855
46591677
17521697
94120683
42257206
58509550
61820636
98034871
75242875
11866546
80966987
73313843
22106881
52474931
32121140
68393736
80910008
37488775
33815576
64375136
80064184
80348902
90967030
50275226
69759350
19130550
15378680
81959411
90181433
80638154
36757102
86308938
30863738
34221925
76173189
87375540
65996257
76691869
50798044
78177696
55455908
25702066
42891194
49349657
32241626
80227863
68211239
41249694
32553549
87478680
46872193
95194460
29569390
69598307
23592544
31385019
69453894
19096991
26581614
25901607
29489564
81013965
95759453
23617146
39338254
18952970
44698517
10960326
29091226
35438449
77874821
19344065
56500622
23632923
13474638
94580901
21262714
29794766
24279844
88142908
87383704
93681368
83452957
42493309
14333674
21877250
59142301
58952751
88296721
94836887
62478621
19569056
33902431
12446074
99390547
34751499
83604762
86068692
39796864
71047059
52311376
59797733
60312661
62303340
93556434
40488828
97423875
13164057
55592526
77263746
80046302
44705487
39381389
31243696
33927853
98321785
74189509
94902240
95144848
22676565
79489820
38377345
89635214
52033723
73508794
38333605
29054907
40998398
64628361
80198965
10242690
65508075
62193732
80992917
98596846
97868249
61855872
35939054
32159156
14320837
83292288
18558124
17183946
56872523
27623423
20780742
26888455
27379584
17441097
32997213
89941396
38090097
19473135
12153041
48467553
13921252
50556556
82043946
68743932
25708353
10798599
20531000
33851429
33495091
21285349
48995832
97707244
84871298
48633021
58575296
26555675
34594110
91692917
18732963
78344943
24930633
81800131
80967908
35315819
26376910
15413930
19332148
87309509
77811607
99920819
93847684
70271834
54746449
14340974
57022641
76760266
79153898
96448910
26011364
70550772
31150210
68935939
80991028
20526262
75318150
12114058
92842445
22277584
17613293
37383520
89631036
47133670
22084239
72495378
70414297
38700068
10515101
60046320
62231504
20591868
51178049
54810143
13690446
73530634
64672595
23262414
81485894
49496601
11025204
82119681
82456413
37191999
67535691
53286409
25548536
57122851
74521626
60529812
33003999
31954300
57332576
68963342
45658368
96635133
66656907
99374488
48860202
46847318
15116935
53406777
53461081
73200515
71189545
87200630
72548227
21387872
62450675
86338392
24762412
57134850
44181841
79456106
88776488
60525506
15964353
85675881
67487376
16566206
98134314
79818312
39462179
95862069
75287923
38441212
13249570
84214870
84219245
65016227
28790604
45758771
61781984
63878081
90773489
92980821
51715889
44546853
59546421
62140521
31374764
24706282
93470564
85639575
49761012
95664409
46457196
75627251
36744068
20385644
44983547
62285452
29187297
63170861
35103158
94186146
38781278
58903869
58883346
87190390
69158411
51554737
24505427
27792953
47537084
22585247
90362790
93280342
98074942
45423403
87885159
83448883
19554545
99767362
24396794
83531760
53460460
68680543
63490229
23080591
81425905
26513282
31461432
24917769
26472812
80083013
68862120
21327330
67303406
17813671
65962490
23734336
47360220
27192511
23403456
40924321
34099489
49696812
66701691
93310962
58388844
29667222
38208920
42527335
67161480
97268887
62568083
91869435
40359754
26138695
33845430
76617732
57629731
83940835
14202111
74871537
63121110
88199961
94653856
60357924
83592643
74255987
36713120
19141734
70535265
82272733
54926495
33144587
67810762
40795861
90042550
54061347
37207920
90626478
21715837
28588762
59841517
91085824
28336678
17667437
23987449
97808431
35141958
63953865
27789335
54185140
75902146
29262116
56070225
15195274
62757868
93349753
50471461
84848841
46354458
39051274
60454156
87954713
41301873
76828964
47266784
52782509
11723047
35771129
41130274
43073733
68036702
90607861
79641959
34827469
20486039
55807150
97843041
78197155
63797972
65869050
30190342
89911542
26519375
42225562
45208799
60805193
54556752
35011347
91350255
72933527
73339951
53294749
85259326
16973201
63834726
37318197
14319873
40636291
81150802
87774669
36652903
62106580
51997830
20660516
72415618
28556204
70084940
89331888
30465744
50498480
30676793
99438262
27339750
54549865
19085164
21648508
33045816
49055682
69265763
46489111
66038535
15380656
53517945
10817255
52998380
48063872
54626815
78117484
67108599
43352367
35918833
45084304
24605288
29853949
69819396
28327655
18141921
72804672
95240561
13196684
32700335
82784618
15865136
11130094
18549647
36633808
53776345
51142840
45588615
34297120
91054518
55889613
46527375
32653693
17094669
94670417
64353415
80247765
97409883
65063859
10473434
59266967
93068165
95426209
29306530
18898473
20800164
50434360
41061740
35260769
61136103
44980294
70736113
45382696
47045654
11760154
56052209
64386661
46062440
81739502
27180879
20647926
54451033
82927343
22515281
30477041
25568294
87724032
12015919
81228962
16134040
70576934
16830272
21298445
62621570
95377144
56421919
50832280
24734947
60073804
22227940
32578862
33641167
49802478
27549526
80879499
98571502
64713852
60457661
35043878
27167713
38490582
17475514
94948532
33007852
23659232
11915123
10274016
45632908
90949716
67073970
31639342
50317482
64503217
35456381
81793705
89421859
60222581
53486726
43276314
10414945
62580519
89001430
70338286
73809429
67643665
23869590
69254453
24544915
53761164
73659002
81359817
68061171
27415242
91771393
56530653
35493178
29557391
21272621
61341411
20302487
42403798
64361728
76391736
86626910
69802531
64893628
57244542
52039786
57788918
33844598
91632820
16047671
32356211
53258994
89615344
96885901
47672496
25781034
97991612
11322967
28836896
11325835
26763410
82378902
84123556
53780193
73690745
45864625
60023640
38784189
89165443
15714160
33592162
84990025
12636213
13261791
33762011
47234883
81088475
29028570
38457560
86476311
49346103
96932863
64653524
84257550
33791949
57014192
21904012
97511971
14257482
75757878
10056826
93684982
75723538
50374275
61313643
99047642
99258085
80933439
69570953
25943085
46256101
47234237
41788791
46852966
48539575
72570000
55781955
96053802
24151211
52084194
59070922
52267352
35060537
61626644
32126166
92094304
82740267
96849815
38780532
78947374
42404549
10315498
81604835
11745841
70472703
18753840
20846248
94923143
53511278
15654637
46305727
45889351
28438465
53462493
77483756
67505258
56393702
42125681
45694255
76096854
75615692
83523943
36309717
75030409
82169348
12850347
54981983
40239489
69055217
79781582
61725183
24155710
85065008
77016040
91046270
48556089
93889617
25773716
44425711
34516789
96226339
24285510
50598632
12683350
41227179
45178869
10871953
21882697
65120469
73904162
62194169
89899580
42010238
38266436
93096313
99317456
18001339
19304467
54794414
29058100
45620850
48636869
62464287
81346538
98134187
72480612
42313754
56841815
20692542
68207287
52271084
36548346
51792541
96208959
99474108
20053817
61181500
48099293
66160644
81868119
12847249
50841645
69995266
43664107
11244637
88912199
80639753
95594091
78990663
73224290
32752427
53625273
78590334
64531467
91379851
59258221
48617876
62548710
67691071
38203067
38659562
21997157
25524359
70043714
16826281
30651426
60707738
16030705
92925420
23676767
86860188
66393750
36062715
48155415
17810221
24913413
81632051
59161792
59397915
50897633
37847553
51733152
32724407
59512074
90331533
20177609
52009413
25727395
55854835
78725811
69630014
12836268
63368180
91660046
27829927
17778571
24979486
17519954
74852170
27625316
14135093
29690077
91262273
59403207
12745675
92975295
72678526
30192490
27205562
13912137
65852434
88463524
34701950
47918300
75022359
93318550
36941229
25872733
40300864
26406163
51045956
50800251
28469409
61401582
85090260
27110208
85167049
33226947
63052901
95881082
33420391
90281563
54807310
65802071
87328605
86870845
21406604
80843558
18868105
74576983
67547633
27746197
55040414
79474454
14838333
14707593
51405461
82909881
20086092
23542684
70280554
70862247
39785965
34731558
22209948
62196738
57925574
40190628
24861142
73619124
34052635
58020644
62690528
14021489
93546512
69179105
33157675
10007138
70935307
42315776
85289226
75069939
11843512
47243366
49969152
85932858
68191654
95481652
56590900
32828930
61941262
22430816
60432897
54809332
62873268
64367217
54981546
21150561
66293607
29388118
17404459
57414703
94761122
33575652
96982698
79763037
68403947
69314060
96911284
52784957
18068851
46423076
92590732
21571311
87855384
68475783
39671352
33543797
70243839
39979771
24556687
44330383
93834228
83768462
28023448
69563803
14488866
90849986
75449937
57928207
44618990
15109862
54764188
15697058
27315440
97896320
73852231
50771978
39966478
60273510
66604342
85700065
85013943
75349355
10309295
92547105
15161271
20678978
89757646
34310464
72852912
61083219
32338739
31732972
47983380
84588101
53319620
88631821
89915945
59353029
80233378
87038334
78069643
27520048
58355646
30309403
40794020
43137570
23555861
55917280
50748475
99053084
44290457
13534755
78346672
11923421
91834643
18590989
43925205
24809674
66203286
98350659
85194717
55148508
60328089
90072753
11119828
20424711
87814818
22500530
45491974
26255515
56502816
52820000
71348377
42450745
19183069
21560931
35809751
39056243
19523983
30867867
69784970
36106880
68668686
99529318
50817792
86427553
91531854
49299758
96662002
24024433
82067410
51982321
80787416
13218975
78086415
94962159
99846115
25657713
54728971
47182236
77076057
80172711
34537503
94290265
10857119
54872172
23963518
82007350
86604380
52371816
99228774
47636952
23011373
48402930
28016097
63547638
15553662
68964835
69964984
28475517
88160139
66189318
43264885
78942804
95147508
75276075
31433492
66655034
66355830
73358043
11607622
96515147
55301452
49149733
61642593
18445729
29904929
29818519
45439847
58983318
58019632
82163529
34964784
25552808
87708154
91635219
19085879
29774710
48111267
78005854
31872767
30066023
32471530
10217368
96142368
42368874
24860867
51463233
54260850
74936279
52707987
54922018
42186068
74139399
74628382
64960154
70456724
28959250
65988641
32563345
19113435
90175233
64891445
58593199
65489180
84484796
96307507
34703068
38439963
81690902
38041431
52950158
82762731
94719815
42957206
63490789
64101471
18267883
28024334
49575693
90047148
78692478
97155616
65925910
73158654
27993048
94253766
34523982
17512816
64471143
56616676
67986609
60413974
50844250
76543558
52297240
43071043
25619617
56742393
46807438
48610804
81631383
60157895
89729091
83237180
10761294
59386138
44778509
24924699
69098428
18956096
67489482
44352426
60117008
52038209
83386768
46015377
55305827
81619578
25898529
51926509
49512001
55949850
95232132
60814316
33405061
33587169
59481365
98944083
29748812
89728907
79099175
83789294
96367333
81709398
44137793
43047346
38359525
39140530
93922697
18443633
56453464
99364101
84571583
39821624
70366481
30728984
81574368
12124360
73373987
31815457
57955563
29971504
77136360
29098559
63996675
41853758
14621226
27558179
81079227
35754450
86504142
85901792
35407914
95868948
27703976
31918217
34072601
32255946
32722561
98077659
23022975
65083841
36991726
63408575
44909663
74316189
96090805
81186540
99666367
78261202
89017818
41300137
42290368
43081387
89930565
72625328
48671199
51883656
62709038
15928903
94944421
48578675
34139495
48275408
95425940
63314501
84301943
11835160
79916749
24852782
65452467
32369980
15046492
32332144
13931182
65669684
83817144
41637582
22462040
10438217
45083188
41931800
78560832
27912883
13751439
20579796
69123194
50574419
60826534
26481803
96781467
40817033
96504648
26901293
92636385
81864371
90786474
36036642
27039984
88096707
88061937
45521518
90418487
24809596
39877101
77247345
85564233
49552358
59434006
78178376
81829178
13707918
20142416
57509651
38221467
75336597
70562512
94844352
75877555
41857756
71187211
55060429
87658774
79862721
60735920
17163504
34755239
18407833
12021810
27161303
76645678
85016764
52146803
70720010
95455634
74752057
49431310
53030252
67618355
12102954
54196929
98890208
34172390
84582435
35401846
75276551
60924046
29130948
25025644
33989032
72276179
31775982
28573447
27481897
59199362
28916242
38320560
49258810
48490661
73338986
89103249
34895469
23606192
62363891
41505615
34955474
90791427
62810643
15705474
91888774
50355977
62950788
18929860
52573495
54461309
19863936
63905822
47856927
87836893
35426004
74920072
22715809
57626609
68229010
47439969
70800832
50212834
50032993
94514836
60512402
46430014
55012865
14945044
69279185
68966049
65362604
42527633
65198480
72000383
95760791
27154518
76420871
36560657
68970264
43311682
47596559
47647194
90186593
75676001
26606761
74772437
54410986
76284838
21665976
14749501
72223725
53352135
11384056
65153931
77161269
97387301
60271265
50509964
95458231
89917221
85967409
46998212
84583074
28461218
40246345
87469584
93087159
97822248
24695454
34317312
14069657
80742253
39112577
85993359
18405993
97437159
24501386
56084365
45851008
71273335
80519136
64968349
33681096
92670019
98450856
87398746
94438327
69478433
28441352
47072021
20554473
40938030
54300759
46244026
10351962
79841407
47554531
49155153
81675197
68717679
99956189
87575328
84351611
34544024
60120421
38634349
19817291
68854062
48999520
36110442
78452387
59202254
44184455
91554040
60057887
95655333
32704628
29961327
27170890
75927911
24848129
59452864
42018162
96186439
65707188
77930635
29925610
71142465
37286845
11513595
65940834
82852612
69231260
37279165
58939473
86714747
19389791
90242587
16397070
13272567
10365065
48576441
26862334
97221627
14867087
91791722
95735912
70950051
31336316
87904176
65944165
34676913
59709236
98094926
76594419
91521717
76875605
64817676
51529128
76679513
70796985
83863815
31422467
66271942
20161048
53508786
76274782
62809015
16128075
83634669
91839360
91577880
63899435
65990336
12091599
99413082
88718104
97092898
10896982
92748565
16326734
42456628
99044571
35629329
89200553
10598581
25523030
10804545
56615471
85080187
26639773
66647848
64160755
27182039
52985304
57283640
16913838
79421058
10178828
44878226
41166805
47180085
15951941
64235882
80775255
51651552
34347654
18050024
41746001
15605874
27754597
12617757
68096510
89860953
28721148
49139171
93486813
39708187
19893832
19906090
56993025
58070383
87741141
61468257
45162604
15842848
56998406
99195393
31355503
44829723
36199142
44866738
11236275
96717802
14807367
47387228
43784192
99403838
73022747
54654200
55068332
39553039
89827955
43494302
66864474
13168657
58106256
14025214
25648905
98382635
82515958
31008251
49085681
65084711
77186744
64967669
26490381
84566815
14391252
83344839
77000118
13888250
29412884
93482831
65228271
77547169
91514287
21084964
37759586
51895325
55465910
92126263
27831201
65772940
39527071
45300167
73137968
34714733
67745966
63457325
34279955
56750662
43831723
87763694
59925849
13019160
52363169
75688750
39234813
90768471
46052499
23368990
42486333
49264544
31322218
20977761
45867419
35008207
87888066
74357574
39882752
65179645
46246361
70785487
95608574
46203673
81579042
96023518
91318446
60142754
72229241
69623931
94731448
45141886
21133298
32750148
25008753
66103418
84795594
64571506
46048543
45279455
33139071
83425795
67977175
75088429
58206971
12335882
17812359
52793463
61728491
45906575
77187216
25917786
71303471
87144356
96797579
38321179
30233349
45612973
65155164
88353515
54223557
46133115
91812991
25022317
13240290
20674440
21320415
50885907
88788625
82093280
63898051
25667449
13782083
23996010
42098329
61093277
53506254
51117294
89422494
52470341
19200138
73871314
29234447
48663836
14184161
30027531
28563791
62913458
35267878
18783934
19224350
67526865
48505816
99964189
94200782
90942229
75933090
66860423
15541816
84675183
24375011
92903219
30493220
96316204
82785031
48366734
45514833
56009160
65363549
38680732
87506962
53333609
22387079
80630791
99845394
82262539
34011590
34908728
93457781
86582278
96505125
69284479
62833417
43511386
18280821
16348633
44643647
67438711
28143137
23049315
90011622
60497055
96032583
15177354
78879315
55118071
94603416
47059246
64403657
37122124
85591235
20927761
55237886
83964372
78126344
83525100
97823944
36631820
36082683
25150236
32392420
67107137
23307224
80307193
49491939
43146027
96874621
30934215
52935986
71207731
58959880
29429446
29466820
92069974
55474317
47306212
25454302
50911393
52599924
46652179
50254462
95831772
85933806
44224564
58123113
89676867
47445778
44371762
54000592
26500207
92165016
63337900
67103518
77881940
33538480
74777930
13916129
68371171
81063808
77659057
86783826
77476560
46187193
44814481
86151662
63621844
86193243
36201764
44367798
92751599
78271376
11927281
42264166
19150014
36205749
16318140
78504774
17546159
16783331
32266258
31542149
26222750
21253243
23131917
14478018
90177458
44477302
71522614
32800552
90254546
95894618
49179924
36569777
82749896
89094344
74983381
94636171
57063408
40039346
55688600
78488215
18251548
89596331
57080149
16429582
83676040
13555031
40813802
19354814
75768564
60248705
49340099
49684723
16299364
52459595
33109028
99319281
31436016
22442368
76822678
40404764
48175432
94937734
75564652
15282874
48196680
77199855
37538032
36438865
58153390
23899311
93674411
19663504
46735206
21099486
86471544
35996703
70282078
45941224
78241270
77082001
71054485
63620059
19997371
89005923
17858392
28578882
76139391
83315181
31859637
37890533
92149686
20612985
57747917
85923537
41601487
91526153
41840903
62630116
43972084
87264786
59141075
59202784
95832006
50322240
97756744
67227607
94661391
32462761
18564516
45986503
30453143
21723198
35641954
42353785
59973508
25921180
29112219
69850228
42389313
61556551
49067558
84131822
51114360
48346412
33943767
60732784
14136732
38573902
91795816
28523781
85576226
61419638
98560542
28053327
26653744
60888866
10652805
89895852
80434722
88405336
79525756
44435440
49449388
91750258
21986548
44965350
31803488
69086689
79677952
77265153
24748546
61956295
43311686
49412604
47904690
71559614
69908138
47710074
14333826
74667066
53265698
83983052
13499382
16660319
43755013
91930282
51378045
54566907
63459783
61464851
37849385
84704660
11246433
97953117
42894073
13042934
81663655
65133044
49696603
30359854
22257813
21924255
67121682
25780007
86742578
69058254
51775416
16820285
27173460
91930600
30532439
85547638
41060279
25859767
62479339
25576454
43998596
87004945
19194944
52580364
97601976
38204898
23855252
81777476
65729050
77703010
18618838
17413052
43194870
52632398
37871673
61053472
22917669
32424543
93342914
15993334
33061301
17179849
94660301
44849155
87321092
15896198
64375838
95633722
59746566
89808981
63718229
37904408
62782525
29110756
31344940
35413050
87088025
51581774
17278469
33130241
52404544
91760283
49904070
26909797
14177568
40242472
16636628
97730483
15994655
58788647
16486627
21590749
90931764
18945788
25491693
91709937
22144143
54702460
71997146
90333569
31432383
83412835
90304312
54659267
65606483
29486279
85162152
41566897
10000452
92187436
44830665
87351670
49862110
60042871
13752062
77343197
56964465
67641062
73688894
33242044
89128147
72539400
57597601
83493897
68679179
52537046
63663915
83701485
13092240
53557227
57169982
28786407
57758408
50310644
74925599
14602640
87676828
55416900
69568547
70520185
39195316
89159172
95878133
55867952
20598484
95785864
15006983
84039010
53070546
87027772
23865107
22155674
53768883
24831933
87210957
90736680
89854562
43040260
94543143
13098780
32771852
46656701
11222848
35169649
56942875
95863350
73400810
99651528
17343564
54679539
60595414
30696777
50748783
82168414
94402527
54220078
75324731
87899291
28556655
26425931
52854266
68200978
79038373
18044217
37267590
67122453
30715955
93869013
46450746
69022042
93880706
58025219
90823379
98080827
76365186
42640814
40617921
28711705
24175710
95961069
97664695
26643584
81888857
10974896
40884449
82827256
89947347
20313638
54336309
98175339
43997036
46640815
78899683
83754030
34137535
98496633
72921446
43021102
83811663
96146617
12600380
36005688
54596232
43009586
38244196
74705212
22283352
15852377
94318751
39068214
19104017
21829013
17632980
79095883
92505420
51072211
25349252
97790763
36646874
29890478
28921400
75193811
18561211
21007579
42607439
27872135
67553763
91774922
89165857
44230754
66185295
49987252
38402684
13406128
74643934
27261038
63819845
90995818
67413570
64505585
79843893
18351821
77651856
44625926
15742789
94193174
99781880
94323726
56936229
17949276
53112590
90437227
80123365
35631369
84444998
52366607
67182070
10060671
52765599
36511051
97432611
91373366
47679811
93310298
58141200
29219291
77324557
77473343
32301626
61355456
65238403
61507263
97037749
15502126
23906123
60725865
44542946
57705106
24419826
88515993
63960782
14321365
26626776
72558230
49142696
90938185
24976188
38483547
12807388
29094463
32117984
59320051
93705424
32860981
51082585
24356477
69929402
46871340
48844405
55510095
13261852
11814936
48538952
80369207
60885597
85218545
75986901
11396317
49435269
77433191
91807446
79533380
58756629
27636274
61363369
34956527
99121153
28405767
89087959
47624480
32452555
99333670
43435457
18378812
27878717
57186320
23577162
60789187
59624151
28381018
18724506
98119395
47645069
94505397
78482050
79203417
25054046
47996250
63510724
30532051
68646458
18533167
42209291
59707077
99071530
55607824
94129172
93552106
40564804
90749139
26270954
13952601
81144762
81691766
61844297
44928960
95393804
78048360
44464164
49265343
68462814
19135728
23618626
79156835
53867620
44330430
32507139
15670461
70621049
10860301
29766337
83007774
39205583
85075569
91285970
35005554
29160769
64669634
53580329
86518071
61032517
14876069
41319580
27700888
82606205
45883444
35463744
74348586
70856940
27791049
47023088
69738946
73654853
55287532
45756653
18444400
74203103
85803734
77847967
57361053
68233542
40059810
92852346
96348093
63304939
87392399
37669500
32983472
21068923
30183924
90235218
27334075
92790093
62846529
92439066
46962717
24858740
67420461
96958788
44649553
56197620
79489409
98305042
66571488
91931410
16303873
48301502
54219871
51067332
24909810
56954170
10845324
13413576
10988877
49406098
67186561
12880721
52502014
77129582
63260947
30180059
54031449
70442931
63963850
77082016
20411162
31403722
84456828
44785315
29859223
90571000
46514312
90200297
41694724
40226284
41726892
49237319
30196195
33984728
78354820
96580055
99975558
38185399
64010528
88500228
25501122
33648812
39979840
86081093
26013874
32896523
35729966
63739495
10590629
21643249
14066232
35100290
75025573
91243277
16561097
48566285
36759333
13125122
78789902
97647942
65443429
57423932
25569898
61782214
77225825
70772914
36072794
86749701
71100794
22442859
10717310
30541749
42368205
54154635
65546142
40799159
56275351
79063073
68154636
35693998
75158875
56587832
71181398
26434505
36564120
77531576
43464459
72900869
28871032
61102759
61132218
95222239
44652066
55321212
79762142
64913788
72503613
10092435
71195492
11529859
81663674
55450715
36536443
73341821
67720936
58870327
55914456
82975328
94513293
31327682
77993231
30092036
96324869
12510880
35294690
40377469
17404454
79392509
27506085
97605592
19621240
36374357
60590910
71684980
89578244
63834335
67011020
55753338
68117143
98655460
25639674
29778620
91351783
83959799
61059619
89073951
62648689
29039903
39108017
65233531
25745592
66541577
69920045
41955832
71096763
78777484
29842268
16897071
57009414
42007961
30368710
35606154
40454247
56072004
76573701
35723005
63564791
90030268
62972852
60015889
18690388
43020901
39393415
86231686
78506644
88769397
51062207
90005251
26098022
62248847
42827116
91812029
75164404
23677393
50288185
22238552
57368797
60572758
68525260
24749454
49553748
23190990
66561831
76545666
60179949
71475616
17868375
43495077
89328839
46270233
80295640
79979936
17409409
29495372
28738595
10826668
82514966
55369557
64353354
67114797
99378120
78318451
29273333
69912095
68062881
44398784
24681463
90538159
63131812
18705434
83397516
35503590
37344917
11176614
93536817
44747904
64865634
27607787
84023328
71358299
53282989
57341721
67640423
67214347
38288631
98998637
20677412
52214794
31196394
33296940
25539807
11724685
69926850
49751244
92427780
18236529
66022490
29183154
32329595
71137492
26626511
20068630
77138278
44399681
30939347
57453700
73836291
92720656
81787643
96783979
86150682
62328246
46841144
76011302
74172492
88874531
40224269
41650668
30887506
44268974
70229305
38632115
71330320
76810109
70741438
58145967
16186864
44804854
39029242
20006737
30439050
37752931
12473584
31302439
54147003
69408650
19504014
75798315
96013174
17788426
71149351
43440343
18212697
52736681
51758566
20442938
39634640
58227278
95651401
80190067
67939308
54895078
74780459
85556728
74861979
51590744
78353262
81645062
58380842
99519113
62687909
81241855
60076255
26167426
55607855
90329383
81522151
41100415
98988371
98291653
57198979
12326625
16441731
71912670
75344878
33739482
81346079
62066865
51962073
14300716
49141644
47689957
16051190
29083000
22802182
50820859
36806534
89787774
69403316
21463523
79323520
32542592
37548007
80923818
16839515
86804166
71068624
82790137
37024826
85470874
41707576
79670448
46630195
92922314
57404472
22239605
72875855
25214800
50954023
57204089
47554733
58741112
22162038
51504778
50750650
91237906
66753262
90410891
58408344
22876287
66101668
46707481
61984506
87016910
61937019
72873441
10518504
52546830
93216403
40830283
95624626
18653252
88000079
30985908
30481297
57052920
51093378
90794963
36283867
75914346
38534326
13771453
66722658
15919330
12277144
10541699
34509291
96329253
53766147
59605113
94877894
93986179
61301287
46536082
52245135
46154765
80671190
75636711
48692095
67379429
71186923
83004118
29549167
74038318
83456343
11553223
78469099
87401250
39234889
33993866
63839599
31420865
38471161
93178332
62106561
36041383
82569874
97470473
30786922
99096567
63759802
94098731
86329682
81527027
23967167
34587792
88709751
96486190
32534623
23200697
97579978
30102488
13823796
71550591
77259558
64870712
23021242
42966509
57301689
64594687
51886744
57659713
84476827
39032294
90351163
52233948
70993866
53783575
89179198
84098829
17318348
13037574
45626245
41355984
87517651
77063967
41646647
26160136
92291954
60759435
64200766
24573019
92871917
20025122
27112170
47781162
10746281
33530477
28052277
15606316
51668034
60066646
86524833
72451750
76908347
53833455
13827518
88007497
61484496
39329883
76596552
95961511
58587752
46841693
88470508
69734995
95218854
16890107
15257771
38146709
31314591
17504206
27713880
15371335
18153254
18315369
30625723
57909072
64321218
96876260
55232600
12053562
33352137
37137393
91509222
85795848
73640904
31006362
46975037
92748306
29945033
25459469
77040656
23451440
15464900
16481159
48490640
82453619
37181176
96570011
37681515
23920419
21947656
81254973
74542870
91923051
60345673
97629074
76659613
61173676
86692922
30192571
59058869
73070710
78536030
28477862
30717245
77430628
90832021
28530545
84560103
87703826
33130247
77571190
16393584
70598333
91646009
81973495
11665653
53373505
67648999
40486236
14926721
66590230
69693139
86716063
33483471
12033025
44434667
84036201
56179350
57648048
70378289
30209031
31516554
67974377
62966845
56165123
98652731
61528284
59724330
23533381
96375563
85157265
96750113
29884501
51146058
71748096
70571904
30993598
57349872
44742207
88363686
22136334
77203958
34019158
83514462
12816123
48417361
93604782
19525024
39177868
52172072
34819481
96711012
64392576
86350795
54596033
77110395
77281203
26545941
66385651
45954438
41513419
38683250
97091750
27569622
79863469
44877130
58830292
34468558
41920823
13084597
17707979
91055078
97017110
83649866
59843217
23735628
89685444
12752917
66787826
37339301
42664481
23628198
10556968
40964209
16722349
39446598
32901413
12555404
79831392
87493701
28294143
89460304
18804646
17895663
77027960
91803352
88459130
59742621
60216233
42899936
33989662
42848231
89729867
42928968
17486068
53170935
37676066
69269047
20853757
59081593
15264007
73573340
34220011
79487022
51350672
14299600
72286692
99426592
48691166
80619031
75039318
60245744
53484162
65867206
39349361
47241547
77800972
73262654
65767238
99406587
55439538
55681558
26429562
48251033
61197594
61291415
10241702
46461409
47390660
74131552
21615439
87564446
23889687
67425962
43383421
93502020
34077831
49227174
88665978
15418780
31969503
28317699
11168040
98876698
23751600
13626380
68280575
32496714
67107926
68777379
53825257
69417507
61088149
13088542
75625232
41958443
15067319
98305087
49527947
46813484
20254572
54398862
85595720
44247959
72983795
19212266
84732779
36057023
73879192
35284417
71090686
42005789
25308978
98957164
19650886
10747454
70845765
46374181
49783345
44355402
60545224
46452006
46044011
43651377
71789826
57956959
37177871
29346419
21787662
78637394
55883515
59712652
26518141
12960527
29828028
74199291
52659098
54789191
41732648
29621614
64776648
95480459
55208840
91179316
21193209
26530782
17652119
37998262
76212419
56690907
78954804
17230050
32944004
25239438
95887743
53113232
12491483
97733478
15444861
78429301
52593075
58071962
84694584
24580645
51702077
44854839
28474884
80161577
28420607
30266183
59275228
44553272
13537158
15434911
10675306
70159894
12328759
64904646
14151717
14568710
36219844
91546237
69449069
29642042
23752304
21722162
96738693
61310518
77096951
67436394
86093754
40728120
92084233
12763586
69341605
82893839
26161470
40168084
64678178
52797428
98916214
59732240
59785011
35687243
43745595
87067300
78620420
57146025
35149715
31958634
74494712
59957798
46533454
35388122
45925775
17261193
18136253
37198099
86715110
51828635
90965558
46422797
63795084
64569405
12878306
44290167
99938436
13525550
37628103
92182539
70906312
47358780
40741993
61762263
93695620
77423328
89101043
48895332
70838843
10533509
48185141
39045960
62908867
83131068
56276744
51195663
11094086
47254669
44613294
68429254
95043533
72671613
48920632
43498714
34333135
48727728
42365496
36558463
13087160
23440300
21360583
39401687
96766288
14806809
59034933
86305726
37421117
88384919
93181914
45813552
89898399
15246140
88636939
57526103
59632217
12312233
64575912
61387061
88205296
26997960
80842579
31059051
99660299
56822436
89718692
49827226
21764836
76766870
16498721
20049044
15119973
94797741
62757217
81290328
87631091
69468817
53916652
92702261
11405220
50504939
30673468
45288197
88652754
81637745
20574921
24996980
77233525
84974128
82120286
54193687
94917015
53457407
42714326
22759869
73014683
19489823
48150340
63623249
55103829
33216094
29566630
94696454
21702337
88705305
46426999
33373260
18690863
47625474
83792300
50023214
83123867
11264148
43276251
83562699
82867995
77728400
35345015
90020591
66099569
80461618
81832118
85928142
81318208
61169525
15660179
70142428
52134876
94806784
42549999
59136844
36561082
63147052
45774163
11973411
35155206
40350386
85601744
37687031
91710676
26131574
69693447
10581705
45727342
82376682
48740092
36890060
79938848
96761030
16338546
73059313
82914331
10321730
44653842
95109443
98692006
37652247
54963329
94210297
20060456
37683336
19678973
76138622
67774159
39117058
66221283
59979273
80088265
52698691
65815482
10117930
77102217
95842023
56426740
81210087
62083513
25670216
92376175
35423302
33311438
97492105
34337567
30436528
80236239
55560922
94351473
50474241
75286544
30670912
78055644
54517177
54466563
86827845
86111884
80456608
16989239
58994653
35632837
42036373
77055296
85610179
32576258
91910155
10204005
11085541
93784276
58829139
48839151
65123547
95230232
87895340
89548786
61142939
61351983
45815869
97449265
86936539
29962285
50473739
92028552
32770406
73724756
31654128
19142138
70535520
60567850
11337045
13873192
89243183
14022159
65046916
75606102
36798151
79999711
61179121
30381795
23830947
75582642
26812820
93377640
48972772
31636880
21781789
10628863
96016592
43469242
76289350
44463153
45287287
15278725
20420226
14710220
48339346
76541966
45409247
22326269
40551263
27836288
83904213
29761772
46551797
99544434
47062695
54808302
43215972
64462796
88181254
12045946
59728936
86717652
87352658
76991429
28814804
99649280
17554941
64497209
63582058
27319574
69941919
97585624
88381804
27903699
10107382
65740205
40286325
16346605
95540529
17375577
79149585
33736306
91270047
59464629
98938113
45826896
94459785
72196641
71707947
83887344
22337580
31358841
36837537
93286652
99281233
87953830
19252300
68268738
30481547
85137360
24884788
94168496
51765133
12307633
15984367
89772927
33877157
71280517
43875621
32492397
34706009
86185246
29724603
15812002
31617948
64537235
83187108
13803700
61948205
43275672
15696704
84492230
29680397
24063465
37341423
93273803
10325019
79156449
31425847
48816360
72304845
69659815
45267086
94879608
21187341
29669639
45049156
36149929
16823342
92392287
37598607
52029251
48341897
74647984
15090101
25987465
53602104
24074324
68870480
31217976
11628398
10377807
14419521
96283052
66147442
78930237
10049204
55542306
70051766
52369899
66546123
89329304
37717656
14211714
24989417
85742673
75511732
66611166
34076405
20351332
29075454
27949226
85662292
77933781
14774035
97948464
52193483
65520455
76379195
65312248
94706623
81147232
94451015
30773729
82081351
19867054
83971000
92323937
29515878
82419128
47723209
29586234
25866741
52464319
76319270
99532220
81242400
88117654
57747642
84811953
66561927
67636763
11211558
65851368
46791044
69786961
92677837
31256033
78903308
90921627
69707916
71560850
57690030
73445015
56695047
49237844
22855609
87802645
15371167
66577517
97015163
67878323
14029567
61899834
40148771
56313111
66798934
57850233
53549768
31966023
71761183
88840241
22679938
72971688
87085723
99622718
62044982
12731153
72409441
64941821
66312688
54068875
13089291
80481168
62320617
86589351
29262482
43263438
19834279
54038780
89138228
24033482
63079236
18495932
39250430
86131270
65705330
30634198
64544917
65232429
58004315
34847376
17952338
98455262
49244322
79197472
13473615
82902056
77597522
42326582
52941211
54794984
28144893
58668262
61455955
32928548
42272235
62093699
80991926
67053751
79604029
94103277
68025125
29408999
26621571
83830203
64487426
45313447
98043498
97115011
13958709
14663910
34829074
31784392
44292552
21639953
46462846
31661740
74711205
55147586
45200561
23842824
47774885
29496400
91044770
63393687
83266856
23133960
67269528
50908157
35372490
89192835
75584201
71820835
88476155
79602951
51866583
62484920
62937025
22191611
73171784
61501146
52646166
58147571
64489174
60562116
93177648
46584414
33185620
13096662
32694975
55909319
10624493
58345413
44641204
43677850
74546287
63256387
43653621
80106169
74847700
33732161
77295859
66380309
64943852
60102742
18008937
37854560
20931368
80767160
52975408
23473625
24251269
96925158
14944960
92265670
17248786
28629224
67656775
17530400
85349678
84019807
63994408
17354374
37201686
19130864
28344696
72987785
95696418
13455156
91329664
93722181
48391676
99762878
85036616
92829877
60247198
81147593
49222470
34641403
36835223
26397734
70347827
64284432
78190948
93258170
81467947
26359939
41656710
99740945
73546331
18000733
86345023
61126027
65015367
92441254
27675752
51497396
25046840
47404416
54309618
39356850
24399937
97365232
18310007
37023575
80101485
39548221
95240060
13139926
13867655
10441201
79891219
77511942
31991036
66978005
16385810
90004472
26699009
83487379
42313143
12763528
89543856
20983604
54816165
93978585
83304737
21894858
63198265
26732791
40115596
64833704
24368504
95525092
55896974
36966546
20111318
14663372
55834719
31085564
90446287
23526437
55194418
29175502
11841384
89532950
39956030
67256364
54828621
99041803
86865002
58470225
36999688
67182311
94087700
66554132
78095456
63129561
44753022
48299661
64121164
47802312
69866453
77871185
92967826
91626600
26485727
10424920
82926721
29427310
93123009
51905792
16670919
81571552
92702443
85473451
36117232
72302853
91155075
65057404
42203900
72002598
77491165
88517915
20719977
97144967
27500859
39569287
11143882
18147713
79231340
12559486
66227176
83424016
69013710
65772379
73084904
52840853
15127476
10340048
88809857
52091170
51690210
55790018
91642568
18276838
88249013
32532161
89261606
68755376
15643104
69139235
16472172
91158433
20346960
97530684
60678781
69454195
69633457
95663163
17485993
77567072
41603978
99920932
27077275
97538480
71918212
42420581
13817960
35441762
82569288
34082840
46905543
66706422
70689797
39843156
49434197
30931473
50682928
22989757
66659166
16584871
15843669
81445597
67031310
52451023
46467135
86956263
76461643
30354907
86783632
17257084
15361229
23375885
25955857
87261093
93825578
14023638
45957446
22060012
59830268
36160825
84876076
32022278
79195568
69522766
48720657
57774125
73413870
11435875
11729808
24395788
81548320
76956477
24561192
44200404
89208610
26855164
21449209
63930988
58309508
71049244
22539418
34111045
84724734
84469144
47905177
92679115
69750513
62704809
81887888
75780983
81319702
74432044
25120096
80754945
43388613
22327457
96711821
15266995
98889828
29245903
18947382
62371289
77094890
84980870
87341615
49703893
95557775
79060220
40120253
46026703
39082642
45208025
62101741
38828809
70339494
65869518
27278481
15972816
91287290
38726240
95246680
89111950
64919012
25884995
54039177
61155453
54562217
10814177
63887324
93234550
42885483
64835450
70587125
80454759
34636464
53786725
62780413
21556195
33121931
47698932
61315551
26727508
54393321
36712181
28786076
96656075
96058873
10517717
63233100
40931192
88286816
53674674
63322293
89638810
89040547
94120698
78414012
77073871
72761587
58573969
62376314
36306231
42981382
36015649
84899963
13747045
61758014
63370920
54350852
45235656
27414662
65414708
59556927
33627644
44462037
32662589
24695313
55694892
44766544
56361375
92394760
56759073
12299020
95995314
51450096
16453745
19943560
90816044
68699450
72212674
86008386
89707645
15833240
37498200
54001405
86727414
42188098
93846970
55759356
95096024
61437839
62442581
95497280
67097309
77257187
18126557
23297521
46727523
66366301
37980611
62413863
86709961
19444588
77549634
94573583
61668559
88366598
88749721
13075508
85617690
40276097
97191763
95295856
37357781
15126290
84510786
56511214
48409457
70456417
78825610
51853914
25725580
72438085
21593817
53220136
26647023
26863009
16417076
16667902
12536242
50145370
57690477
40049471
35220474
72139636
39461297
35432501
52461411
23688008
60170557
64245338
73894520
85438692
77491505
91549123
62638559
92065791
60486269
94334506
39710226
67161879
68110584
16586518
44166216
62539817
73666831
90555433
94654962
37877132
40745370
62683782
77187041
68926315
50437962
74265309
22915204
24462429
28714943
43441556
47024079
71386787
83000630
38745875
86218168
96937213
41555244
18354139
50724905
33285965
22591526
73695038
31802873
16887943
37364197
49077934
34789520
97573564
19853239
63329464
26577555
50956989
90704660
20647523
45877023
72055924
59774411
63034941
16472049
94524767
14049849
32129514
30059987
32244029
17281761
53585891
76617310
10758510
59242596
11347063
97388501
42079832
34348699
90706236
74329337
92706916
34512674
68572869
55510869
93822394
62425378
54401239
98754415
33906711
90633263
93015672
60194866
78642086
96666698
12898506
43177284
74228338
27689013
75879181
62663660
87412004
69346239
63444494
34905530
16088453
74670398
82062252
66733381
40787857
78644635
57164680
40288653
95681204
65127943
92848456
74069886
74244388
73691212
82903048
88916374
57450942
33931359
74843421
56746158
70152656
74088969
16820883
53847950
49467331
64716854
29140008
61785690
65247096
36545774
56212069
97791455
78111207
32167327
20252264
50785903
86809000
71598661
85388748
30882841
34954159
14359860
80684327
79476107
52760085
44033797
96038317
82625280
76095633
16275739
35937905
69498087
25918469
19684432
54941132
33729170
19371189
90246849
76105430
49592215
45418258
39437619
68297873
62591559
48394548
30300321
44513958
66161992
23446759
22000099
51107026
89375964
56897916
98948659
55608834
34479360
70932568
11168478
74787051
50605344
95056914
10209382
28472174
14982356
23652370
57079763
68651983
34789028
78360538
98218607
90804497
88407442
58262244
56206864
78335595
32117671
93466210
66311474
19291611
76255001
72174881
91910704
27005012
21202325
31530119
20417055
15885203
98249263
93249723
13710663
33387536
56375524
79213411
31968063
10625992
24188296
43742421
70193104
55568535
15291510
66401016
22509246
31072655
64850000
62256037
41181953
99349056
34690570
38987416
90470525
42202249
57471963
84395763
19571206
24245237
93283269
57434618
96134416
69506244
71176153
54424521
73682566
12458860
14815712
70868820
39489882
38876428
75549372
47648497
38135103
60250572
63794923
58888331
35310486
46816293
96478862
21699559
40459653
69379062
29774997
36323841
63891120
45185843
55370505
57214869
17632407
15178428
52386550
20539065
16378124
63973452
70351859
15290407
67622479
54450312
29509840
44326425
13838792
64194487
99846746
69449677
59223264
85885585
68745037
57915176
21368624
38627415
19292151
85838998
74005667
39643205
93369936
59572218
15057314
54640460
35125015
96834587
92101979
27333366
48149532
29297040
71681515
26108328
59225954
52132526
35766120
52036684
28766587
82298178
47651099
28745119
91357454
71564011
96335691
72255384
76743547
98600082
70368564
13798004
30260629
93711112
39337623
46616078
42052154
86509419
62596656
33900785
88666771
52379185
50011898
94557128
55608942
14312293
54421354
14512221
43196215
94002704
95925000
64422302
44685725
19629690
59073022
61631257
70078197
34031229
79766439
22731694
95241845
21421784
10384678
28680813
82248660
34781962
61535455
99524677
32164818
39908008
16551558
93177364
47676097
79188532
11042527
63437309
55914878
93948333
57837181
96074621
86272900
24433080
64108069
51407660
11490458
34727021
54804946
17812371
32533805
61465531
40434514
31920292
96830648
47021688
48799374
53032282
66871263
42975752
71484135
27620718
79722396
23743785
90931131
30674867
60997520
91731546
23501318
64200718
80369787
95324262
93074469
56056470
95822535
43427089
57484342
49761092
99276607
12878173
39237404
48342103
81384797
83928825
38786591
54863431
33807040
48839239
97464368
51297251
84982204
83768969
79764809
49558537
28444940
53494183
71101811
96521602
12103970
54552351
53151585
73616120
81768863
92329353
87362106
94119828
26940510
94441670
21872372
20174648
68967979
39063877
55627484
27911382
82977170
76990065
91188018
37553387
35971153
80687547
77254896
84416412
34068847
49756223
20079147
20652139
68967014
55025173
93821203
77828758
36659323
15973431
61483797
66721292
84034479
48539274
10608543
34090636
87263950
37024395
28263171
43678301
14245924
20135831
99908085
51115300
20565462
54091055
65062245
26241328
72125126
46867380
34588697
27210491
80644064
81626928
68403431
60164846
94431464
48795390
25532931
45367327
15232086
70940100
18403616
18617965
88297948
37331385
37490835
98507672
66360596
23942279
14344197
65870957
68478920
74392012
71613141
84163866
61165789
59872314
87697288
99849120
27372252
61124829
77197421
18058725
74429086
77626492
87083474
34313705
30062100
49152921
13079644
46904209
44058032
92286868
45235463
71371935
50787444
89668716
69752507
34327107
70116629
20308644
55538439
54217035
70911428
21155836
72678261
61322424
99273974
28438952
52357093
59162610
56933329
33489710
52600113
52083631
78351156
92733951
59307290
29338508
23234248
48299063
68520022
58837754
65069479
92815894
12403720
38158790
97494171
83990809
26736337
18047171
87178494
81078452
42128128
41140757
54660033
78676527
31085285
66667293
58438409
34749082
37397827
23592188
46121972
52783726
16148707
20234106
47755842
94197317
23714373
93889390
51757863
10174450
47238247
72505634
69517088
20266221
62054213
24671914
88790081
42241352
10820944
14995898
72717667
87188690
35523866
20094249
22859009
66688750
51892158
89834006
99014578
40653951
11097385
85429187
74473727
37397015
14456563
83401968
36827823
15911603
86836335
93205183
33890408
78064682
19330090
15671674
14097169
31543142
15193342
96130503
58848554
21741298
42535781
85608196
36341581
12439006
89540357
82740883
49132881
15650497
63557571
46075740
72444219
59701845
42779327
80287880
29986262
19022659
76824028
49691547
17879881
21429552
34690965
34321982
85512057
86528865
64132087
19964984
61900572
42610299
60615359
25435643
85038044
19938659
81656336
55454171
18246819
28801604
35238608
42782089
99791151
26601121
20856094
24683608
18046967
36256387
47648568
92899342
88539867
35430093
45934204
27907477
26614843
21827574
99167111
41672045
48852587
45293862
79962716
22062596
18904252
14448705
99570498
58409625
68837175
92789273
21046288
14955584
80416503
64458436
76857626
54850818
75448608
12708489
90797240
66944801
41459456
35948404
50821104
13643000
64455232
70621577
79197759
99697281
23029190
71920917
15887881
23488881
49810603
49946400
62645146
80634750
75610452
94379902
79101784
29109952
30420911
93481349
46771080
66569141
94033804
81119545
82854367
23069589
43255138
54146000
86428524
53760095
94363185
57025702
23403871
81597588
12641031
72067801
97421770
19612831
74917169
14557840
98401674
92934505
57201738
35078092
66691609
70734903
40631506
73680253
30223691
63913696
98410622
66299784
82672164
32183321
74840984
75882858
94284884
21332588
58256532
63374454
20084432
60329159
85180858
54013197
26162097
98524360
75970560
90072667
32581783
62488117
25918832
71755485
66966239
25607379
19370017
54199152
99103461
77578994
83169504
19566319
78692070
67719068
90948563
67302538
24360301
92911047
18005295
17440235
47311864
77067598
14628799
26855602
75037347
64362969
47284509
14692516
84887670
38098139
13570701
36980483
59467464
42055092
59976438
48576376
36514509
24481014
17160702
24712109
45204419
53946180
36346433
64817527
62974006
77554518
88606001
80672619
49114394
19134973
35393700
72999023
49614325
25698895
22463010
27773500
40965159
35982436
22240818
39861892
66196045
22355060
51875045
83589021
47338028
16349511
37276682
28008601
16265541
40354801
64701474
52922776
61488322
23067452
69800032
54892442
37049414
91346960
95900742
13838343
81234063
10415450
65345999
79034259
45498779
80488366
12379721
14640821
65114909
35740135
85624635
22867364
58771138
49888362
53996407
68787281
19437557
54890120
31087394
69591562
72145345
70674229
47324304
89714872
40794496
92919512
56116171
12382641
56095019
47289138
53618867
49107643
54234065
69512168
67882687
61638430
74097070
56443237
10780204
71125266
28592776
42761649
94936221
97917027
85346495
23115577
99202502
24682172
82584307
22331489
36033313
34834608
66155729
12664438
91672073
66066323
81837902
63164932
89027848
50011875
56250816
72153940
26620749
53163090
71303721
26210310
20176956
94107249
83567765
65687239
19725088
32968058
57223321
48208430
11743356
37354170
91846651
81243320
68893823
33926425
50534256
69939550
90932885
99355976
44611328
81114193
64814490
39139333
44533254
74603090
81664425
80085390
24940243
14926255
71548947
85720096
15423731
37619677
36678508
59547050
29711495
82221359
75875519
61779859
29224913
36745697
60397733
82282063
16269091
51161827
17065236
13543806
15218581
41438497
57659055
89399487
69731356
53017719
92239010
15718487
82188846
51396115
31127909
56086289
41101343
69725798
79046782
32586937
81677109
60498829
14878685
18818673
11293644
88925137
77395605
42133324
85870673
72487638
21637342
28632654
71264694
65320225
71749504
80384154
76448456
15772571
37970740
76926251
17580261
88589405
68732327
79693357
21132234
63543838
82048924
59759609
18197642
39431606
72293296
93988780
15735707
80235086
92524473
90588515
99360139
39931943
44314568
82103060
59344848
44841219
20235854
57944332
81900348
11719987
24046939
33207297
82601871
90068926
75587073
63418195
63184295
17636395
51191255
43090532
99939666
37685612
55095322
27391888
31425476
47490663
44454125
43400779
12757668
66025506
74031297
19906518
15018560
37169673
70800207
28312350
10058593
92738911
33510338
72575409
88568506
28064831
57456243
73166941
11107194
48221774
38941644
13256039
24389633
44711168
60467661
79510757
90280622
99505923
51299373
12218041
61885399
91724491
98466456
83036970
37389778
52095291
19449751
68219296
15692720
83642861
27040014
74226428
55923082
15818398
20983134
49139315
22276025
85078443
48968388
41835021
46407806
39874488
28584252
37089847
43451727
63874157
18629988
70056599
55685243
81912006
67040903
43261143
73302422
81220701
26691242
81123791
75337185
61913246
81119557
45035880
49905731
77052621
58955509
90910406
72380418
26533931
26449895
56398536
50867915
74763139
53383912
41961765
61581198
87044365
94321691
39526808
47854326
25026909
42225958
85958798
31134488
94684415
52979530
27056248
42065200
72992528
88533954
94633479
51198927
89310342
61204802
50020103
59324847
30120854
86717726
63789141
53029927
30042310
41193228
72732729
99149327
58054018
17328246
40724553
34804910
65716537
62570610
30323305
13095815
67667796
31483362
80507727
99617206
53664398
37710952
32073524
69619165
68567884
26483717
29512739
62745983
52211804
90446131
59019447
74001546
64305504
42645930
59481792
80295294
94220154
26155355
71043159
76072196
14621996
35259813
58929198
48953063
60397248
86970827
95176999
18744088
13871471
65949297
17165031
45782325
44567637
61701615
39862072
82831238
16724497
69810773
52329439
89993482
36871087
55748982
70183800
73132576
62884561
87014325
63932304
31773056
84197410
10321020
64370791
39756892
48094090
90098049
82979164
24328645
50098180
81202620
48902308
82755479
35745916
87187059
32999454
66309397
46222276
97946803
54833288
85911989
75773509
74921519
70139628
15899093
86895458
91927383
43705237
32169675
77573101
98074925
64591269
25713275
85226599
67719591
42574321
31574446
68574446
43368784
18500857
47525627
77804482
40117261
33355650
82287585
26142965
66598738
91087095
76158255
44493427
52816519
94867130
33172635
56900399
51491733
26829062
81834354
77311238
73695066
88170528
66499490
93140179
93038560
35813744
10558234
94202484
13313582
50430540
50846645
80400494
42123595
72738799
57866176
85776686
20737232
95642120
29738538
27299306
35857321
41076591
19524039
12004774
28067304
71821426
86785729
95070803
55237701
26069070
33313947
36024722
81344566
55870649
76263267
99830038
46624551
93234460
44139508
71431975
17132631
63201502
72816741
66777794
13538895
93874396
57919890
25734493
56924415
70274932
28685381
97048393
74254838
52510529
39746944
90722225
45648701
73204321
59925993
23882175
64383697
71484529
52515282
94757214
45395516
74628378
88958180
91300250
68465359
36202181
79978345
85896227
67792766
93241578
93447219
31939824
39795160
31017990
55808171
31352319
34854817
38156075
65378553
42451259
48389517
35901105
10620877
46222967
33780764
34348298
96017481
76625303
65811853
87207731
61450379
18835663
33755136
30159815
41442650
76055938
47409323
28058030
97877100
20017484
92000440
35791986
80208337
45485595
14803386
93014450
19670656
51730168
27347403
75766191
74601828
42270915
11450243
27287843
77969501
82979095
99479699
61558528
13314251
59537497
11984569
96791624
51325333
34558147
52911736
83167860
98967568
46882843
26849010
88824345
13846651
48072821
95590889
45064906
81800483
24428037
56578347
48815249
75433861
71387010
12412648
17065580
46489084
79168502
21494727
80640323
32427901
70985372
90708065
40721830
89246801
59908142
40358033
44671892
15167729
58875539
73731921
11702608
77420014
71477944
79175605
23394057
18419154
82280189
37514715
64269085
86681517
78162173
51604231
51968176
26075325
79051755
85397211
46172256
28291479
62365364
33537039
25636538
77221648
89231523
27077983
62908103
22677604
19921798
72845500
89592827
96260611
14571075
31205138
29204949
30868162
28635040
19260704
29557115
45934786
99982564
24678381
66322897
75601345
15746614
37829603
42960913
26067044
56332273
18057825
42181044
28664190
15998027
20351102
56612097
87537380
67577286
87880718
90624975
45312777
88535231
74500297
78627176
41248697
81487780
79885467
14993674
62794478
72912451
98776967
17226375
49482962
86548285
61856568
70055052
84723666
53876121
63028390
89778814
43328731
74490613
46873569
15510016
19461246
67920145
93385464
85467163
71623763
38962478
77189283
14155024
18337894
13819783
82044083
78797555
36075955
83373815
10662088
71705029
57079264
35875691
42873604
29512849
29389520
70195038
95519804
63878358
59099797
75610671
97715375
62022367
55677548
45246133
91842412
88701798
33096244
10086963
98897249
41486089
97552235
40558082
24520609
48547074
14879945
86301842
13503970
77901443
22621504
42218641
84074329
39071295
97965234
10698179
97220165
58386637
80831881
33250264
28357949
32178534
33556451
12498877
77043510
26956345
46917354
56254974
61150754
82507243
14282326
91658547
41580462
33717402
39547861
91263421
55046653
74473188
17344812
43340346
12536689
31514146
99301400
51891943
42306115
20807511
76251497
82160523
61493599
76219421
25884462
57097815
80528289
97096918
49594751
54274153
78187950
49536249
13313767
58313195
70788594
67987598
63441131
55070936
96128049
13152565
69534395
13306444
30839903
51286901
33093088
68605715
97745312
64563216
21022739
97317697
74970909
94078571
13136072
39178136
43502112
52060274
85270344
40370970
64263242
43900138
60026971
82112737
74191208
69466075
79839203
98343195
97441758
47240983
32859174
79215910
19408191
37132010
97033001
89679172
25895167
88372448
45075127
74861179
71881792
96895917
71099137
24018956
44626504
85471165
72359391
98081421
15529620
12798425
59399093
33511461
26284422
74218866
21360496
44098916
12374713
71621774
43201968
77369789
13838581
88228812
16528512
86131745
28348094
72974229
44660160
30101048
35524999
79596897
76861604
60658110
65294340
73557795
53450965
57058425
58163357
65300563
38445109
15964754
87727358
29645206
80904512
61405847
79810379
53881611
59622860
23869809
88824628
39224692
34125098
64374552
78744831
87516874
88987573
98997172
50411592
12284925
52348219
43503726
15986442
90101745
51337201
25951527
27697587
62001626
67561182
38752928
67117997
52442236
13938658
31159260
76747406
42427844
53615327
60994984
31202454
82229037
74560020
19477633
20755157
51463350
47938826
25940515
35803370
92353144
35460646
82601136
37700453
27720934
59894879
85472462
73415078
30805642
40539627
50874943
68856966
55164113
99127321
83706412
51942113
18460995
18460799
73784837
91995966
54996206
63129628
58035365
10576810
78098934
52813237
82015247
44730158
57107649
32837116
43525784
98617863
88572092
95037128
84590264
76791414
96126164
57078642
18125909
81155621
47741213
38942671
38950202
10699825
58581142
38896073
70452774
79881944
93248004
13317761
77417024
90678906
41349162
17318058
75211618
70116602
31661180
84951019
67515921
27454646
23710678
11818795
11232111
15814774
41541001
21045595
34829567
74470356
13740168
53421169
53869321
57783771
37617629
19085262
62511510
21461647
13359350
56178931
83413616
52597399
11370013
52992494
15220773
11877597
49497863
99824863
20046435
32108099
78650282
83609755
81055371
37098191
87605027
29116484
58061334
50497946
64564019
69974046
11408780
92472904
69941728
93092360
67810682
12761105
39638328
76352023
88395906
89313517
94259125
61737422
19375628
82687835
45762108
56025083
64890011
39539279
16281408
53814832
50043962
58671620
17763293
50834836
66730663
55057789
43501703
48615971
29785767
35398357
75984807
64132097
11041817
90073484
80998433
81091162
47799360
33298873
92068355
46237682
55186442
57175331
51979228
50888122
84242021
43949327
84701548
65617097
45019078
23569204
10173919
60517029
35554865
54055853
83868263
48350111
22853138
50019445
64758089
13568023
52695862
27563055
59899930
50045352
97957312
50632031
51370421
50992132
60757909
57969594
96506691
85069561
23140385
50663321
56073212
56749375
53860359
96551400
61061317
90295794
96807702
93759153
55905396
60937387
68875738
61514179
50520751
15470287
56830207
13560818
80982529
17672625
56372527
70984944
34255343
88926434
59629327
42449432
74736317
42411256
82358487
57542638
61722184
73400967
87042022
89019807
15465477
94108152
97278170
57133603
63723681
94984403
26533983
51214367
78002288
14196815
16870354
61292661
77269424
66796212
73090683
31634804
43593453
69074125
62181675
98655421
97432620
83506096
57511807
31174496
97586253
70708414
58009950
12183833
61406811
19591319
74519310
29123918
75822891
63610338
74621343
93032355
60887846
70526560
64460415
18084128
89191845
80204590
40192684
94222464
59775989
81530135
77235716
91437049
74917907
98454712
26279651
38611183
67764705
79720799
23959590
69442635
91172796
39217703
21691332
71729215
43307581
21081766
40796320
22651228
37228108
55378382
68139946
55269330
94844996
18696575
60325513
65625043
41066403
44640439
84575971
46508310
60814442
11251940
76137676
55480696
66267927
38662234
63348808
45177532
29801952
51539583
37237747
88701245
33364069
29309180
32479223
72652323
58899920
23780513
31292817
24368927
13035051
56168635
76078622
86028963
40241374
40878335
67463940
46635866
12957389
53611390
46947720
42838298
35308488
51856140
12001965
63977174
82165474
32753529
65802201
52416392
98379549
74097259
82717076
88755934
83420596
74567782
50658014
36135058
35627909
45364974
71077548
40737879
28897434
76919876
32721025
65631727
37223891
89296587
68401958
65280217
88850097
58933262
77000838
94966184
34407745
10763099
99509928
34064163
58878087
70819401
35970393
78894262
23105621
94383509
25435989
76424546
73711218
59392258
93431406
59844353
16554263
81159241
56803512
55430762
22359633
12620802
72183270
32110748
93601757
53410652
38149625
27561220
30678061
43587190
97885203
66462059
22517767
96777180
24322026
53589503
95551181
73495841
20466008
60759036
44681303
98142101
14983182
38412151
26500092
27632931
26042601
65989447
79552944
43943114
85438045
72841488
21044167
96765622
69115789
63775597
11304920
55689210
65506941
43947450
63689404
97849068
58022879
21535355
59681846
80390686
23092105
45354988
57108781
62572788
26970504
89473445
40788116
46318567
52473294
60668266
50234474
36375765
13234438
92944397
60012253
32257410
43502473
73042176
54832010
10821295
70223720
28547963
70381279
20285781
88315689
10189766
58887458
22376318
79038480
66759178
80693441
67041938
81833564
34850443
67415384
22446447
52559973
10182319
25505119
82347565
75365536
38759595
51614539
41541126
96737986
26940357
50428800
36402861
80356994
73569147
51367929
87492120
48604736
96445122
91228061
94699585
65151935
68314921
41252249
16038313
87959833
93802185
53763395
39579596
38608479
78651535
39655790
45790158
56271826
61933168
81812276
96867073
50275003
18450874
53007078
12197251
34275560
48678790
87792268
14767877
28988995
96327882
49770266
27920678
20270480
85971723
86630194
31710077
90782786
15473967
92214800
63388214
58104827
21652080
54001815
83216595
80596639
38784621
15082869
95506708
14523668
67005531
23857013
15697010
38292504
11237336
69287649
84554948
97315774
56089184
15650705
71514885
32726918
59350744
77021588
60571309
86285848
11442888
92768122
14336187
85469853
41558438
39140029
77748948
34446778
47846605
39027146
35938949
80044714
15946765
76311215
37445285
21088503
46868699
98948066
68992598
61939541
79895337
59053483
28021418
60131227
71132625
87901871
49664609
59493215
67698218
25570587
42166225
34710572
27237053
76461161
53141471
36616418
22492434
91847506
28124585
36553131
69246627
18856016
64976070
83791638
16701298
69606095
66353445
94124726
35898863
23068178
46329735
97542577
15650808
39893335
71109844
72450589
75798235
50876287
70139489
90890308
69716705
76570933
82536225
26533167
38795507
76822604
61143079
85855734
60693252
16656600
65139745
54157366
52092191
16284025
99943029
88899873
94346376
56995896
26278774
66800560
69076242
35146633
77140931
61577715
53318397
20742256
98920380
68851080
49638025
85546561
89472546
14097066
68657307
55702783
90081226
76729441
92927243
97153638
83669630
64452567
81444104
99330309
36535243
47005353
85358466
56106076
79771039
96912400
55860609
62259083
66526525
50213536
49414683
45783156
20249453
48910873
92756392
11127383
49964844
80844683
58777269
51626079
98557054
28215378
59131388
72602263
89610662
83669138
78109436
30612794
83802513
87729107
75397357
36239525
27545186
53640134
13410399
63111277
55826715
75256998
86670062
97975949
17599716
79252154
39351716
32612920
84887419
57628651
24341581
25671609
71211202
95963693
81219817
57642941
54602578
33469706
18299926
41808183
76468276
86810549
57287456
47650643
28290920
74299528
73065279
88829609
67409554
66803986
31300827
55541066
86582762
53251065
94075261
42535740
30328818
26681181
16434348
53938394
41798319
52423588
19702217
64563743
95813450
27805196
90209187
18380617
92109216
11796659
15914415
18142013
94909456
68043010
42743271
89367615
14095801
17884212
83376398
77415688
56989968
18681990
19601809
41283072
87916692
93171450
41915145
94297241
92525127
99653598
32229832
27097791
18116576
91797125
87966624
93455367
19158431
12079465
27314572
40122236
87486094
60782696
61430696
12597644
42689490
86105972
78484413
35171323
44621877
41909978
85231191
72500461
63855054
80768927
80551557
24431136
59154511
60483846
79984301
43777853
82625899
74682287
34478217
38654178
17666393
39922114
42237219
43755818
96294088
42625191
65061611
88849211
60655938
28023178
77576986
88448504
85676211
55643191
49758517
61812464
62248082
63425323
34733673
95236504
85209548
69420003
29347697
88852759
91443777
64085300
14570366
27324996
98237042
87707518
20694813
16706602
82798874
91001124
27034593
46563172
76048495
39104051
25752751
44252194
29698166
96360380
17663398
97712072
47105283
55830978
80583465
50282293
10977100
70074575
70131722
53006113
36062377
61119393
36092884
51318815
73474923
12285698
31852981
48923970
37386198
89326773
94783238
60731740
89725116
37311116
96094457
80791393
70542135
19345943
61193950
27098731
35524098
31826422
18541714
47614807
52238580
19399300
14408716
24944539
45878876
34462437
73411292
40746481
41364764
65759340
96061570
22292157
16559914
65571651
51140171
10510345
48962347
67902737
19366354
91837116
26430688
75707301
76579044
37161043
14685531
95873340
79974146
28779840
69411662
35377647
82646020
72816863
31043839
21435836
32900826
85535121
30814167
87301422
88965230
22680055
75867290
68672300
15298981
85645133
80248626
78066652
77492997
11041760
99408036
41444530
48996849
59410093
59950116
58512665
34433551
27933336
10510659
95525564
46893130
47222470
89198790
70301041
78405235
11019927
83419539
42666690
70696578
24620867
46248901
88908186
41535099
12950288
36519518
56023305
59405804
80640429
61861788
32309812
73080338
30000687
46354532
23565148
61539100
50678693
78001627
25591689
10113159
54099673
72090516
99782738
53728552
78385446
49766499
69967692
57646152
84320369
87083984
96302989
77808105
31750469
57799079
45513436
79159719
82119341
40282102
81121978
58497266
98818797
20654975
98606360
40500168
56342960
89477380
27121591
88477194
78710441
54615664
22738411
20936465
38632308
36376191
80805621
37804457
18547252
45369639
69005760
81483259
74222351
46079731
17059243
57154948
95663015
82677526
24643656
61057865
62590313
38560116
27135665
78726569
94306034
97360698
24848386
80346699
86760743
93657718
82481333
97843629
48266606
21074337
64834174
90472852
44654900
80215239
46973596
98430430
76320820
33300056
74545239
41976893
32502402
83772297
99268319
98713137
88226797
15241104
52294776
53525844
60884733
95469692
54453715
82277055
89217947
68382766
43945337
92430620
99380176
40535544
74270176
47916746
42517926
72016592
38263072
35378854
43167659
90080575
32070268
38697491
18924174
33868200
58801930
20637053
76362867
43675067
99480365
19294542
16042878
73496235
20339642
54226288
63520924
60039521
70934306
33126910
56058101
90844693
55166671
84778383
43410354
98297018
62151243
94166970
79767200
12865351
24213188
13079319
86510020
40393449
79804853
22990387
46236395
46012614
70820221
23629213
37428432
54768478
68672539
20092957
26502755
96816270
85036809
25519621
98419260
73063087
39990961
49264031
91100956
32436315
97907216
64861253
62051995
27098959
80897638
75850384
96338036
74669548
11380887
94772264
59241321
48805976
39288098
61057211
44194900
69632961
53219899
41823113
47107916
24021314
39137286
90815131
25918960
48900958
77134706
11389971
31120723
63178025
11622064
57136543
67318020
36675333
83012431
61928456
56501048
18563722
27348342
65454951
75548182
78765311
99305533
63305974
99003679
40661893
81919144
12536708
40618809
50491220
42723648
73984642
55481756
60586192
84898619
13705413
57397773
38794425
45765793
43691541
70737522
30389234
77160770
72360482
59704056
10957344
28874714
52474045
10927373
80658382
77463425
77129980
78403940
53111497
40948229
13087636
21276059
58012498
83677069
38578528
20365346
58995086
39056803
84754194
66883788
23186241
44155224
82813952
43794673
78531634
23499958
55740336
37149132
70599885
68513513
35872408
18446999
93951167
12477407
40343806
93019971
28783780
78306200
36924798
18428497
58241240
36807567
19534378
19853520
94763370
19996997
77096395
79946483
86949423
67616742
51192390
76037582
70345458
91075738
60418970
81317933
29637065
77576427
49032838
60810001
84144387
99757006
23430727
84760008
50351933
45980624
93015039
98899112
61409940
79599454
46770738
83808359
86240116
22721073
14496233
75000218
70346708
64967289
27103176
23737322
25725395
71570910
64507947
79019665
31952002
79070016
90547307
92658663
76397080
20561813
62310184
45730629
62424428
15781703
91708630
15066054
43937334
34145105
89080851
99592388
51722595
10492321
75741917
21095219
18116215
56906446
43006085
11543727
16228685
50417334
43435715
75667870
29694204
46007094
24914146
15611778
42840022
49473157
27039004
97114334
84691850
14445741
99206784
63697857
16277609
34436007
69947279
86715379
53292357
41492755
29097959
62511291
16159989
98368785
39567255
22766539
52036214
42645311
64337041
98200778
77078188
90895567
39934653
27877628
30587078
85685571
21264170
31774223
38797631
51757512
74566623
15781632
13364525
58319312
27283511
78029474
91438700
27925517
86872402
88453825
95559251
24760506
49926734
36634444
36930597
99072556
47651083
44780481
12039030
39802105
43296040
91211229
13282079
90622814
26487719
14303148
29198236
85073375
28532704
14843194
61296269
22583966
11628391
61399003
65227004
98651742
85511281
12493895
71765119
58954032
52849820
41567667
25386063
35613158
63183244
83254283
65606747
88478505
29892856
82794638
12034969
30855765
97869479
94123069
37199978
65796533
20694700
95779870
45077787
78126945
24991663
15970349
72970120
75262001
33047397
55397344
34503131
26010333
41322657
93149526
80006451
10483588
90015071
43409011
19259473
19316378
75251464
28285770
37144027
46124704
35157231
94513001
74393759
52092168
94487693
79280194
63252206
74471433
77103831
22712287
80426947
64974616
45653346
86912351
89376307
67939323
32294818
37668877
67028354
52902508
24215246
49614110
75685201
96165478
68607200
11135367
99077109
67381135
60233016
50762873
45726436
51092801
43252832
22882938
92086345
67522614
48588778
65028001
41269431
83927632
82466806
40956782
22890361
32523523
99028560
83484995
74747016
79664096
82861110
51850499
74858390
84124862
50194870
32094534
67388487
25085063
16112054
95429046
66379647
81598094
26914441
97468886
89752038
61008719
74277531
37300264
75699834
11287719
82306215
31654986
64908008
49028572
85094306
12018519
37128481
94385142
70446644
15297832
85054594
37212154
84398849
92583120
32247934
42942376
33286259
85050566
69605908
87343473
83370999
22135725
90476366
24830069
93223299
44821409
39478623
26258241
89326729
83281895
98283175
12096107
16242885
58422767
48408590
82260831
14670886
59751032
31307011
97838295
24983638
41985362
62611857
73620841
35194728
24952767
31980059
51200698
91051123
72166964
72365008
39950931
12993979
43351325
56452870
47857291
80263738
46489820
42715928
20623893
88383181
14210805
99333594
10919056
34356936
83331478
80901830
45462778
56283398
98113498
28094928
44330660
87125329
58898736
67185191
26991911
53056112
68319424
43028090
88059170
13815084
93809184
30568932
74253275
87032522
19025100
76266483
17725949
76172452
12276657
21970132
67399039
49575398
16530920
99503644
76700965
23722594
43232000
14724789
55399584
23628177
29533172
63794019
88997585
18380455
61926075
65872882
57005356
65087313
70068607
89276926
53987895
76854926
47839717
12967519
40223920
46208423
16345099
49615919
52096846
37343948
91936016
51406840
37755040
55835597
74879692
28400511
32135570
53472242
57717152
60708775
24976015
82589943
63656425
75820036
59111360
66043047
98202510
53985405
47289969
64485011
59171897
76106525
25685231
72145315
25118710
38569440
88224906
67079303
14718514
37906706
10047721
96343352
26421047
72927700
50580607
97886670
28411894
92522170
40994954
94520700
25097041
17249641
29233804
78559485
10205351
81601746
51171044
60751789
11667069
23413276
26065673
54958282
42237088
22125284
87943901
17177567
79383054
87310151
84888197
89807473
68575661
78547085
26776750
47755844
20135103
43661134
84602803
35354614
49898242
40177087
29122582
90980838
78369107
28666405
16704373
71103423
81288174
38267508
31913884
78274597
58882384
70917768
16361267
65775482
95853373
74219263
75235608
67347789
22861022
34656945
14662472
25374815
46221954
12425293
19351286
93950420
91355025
82273470
60988659
39644494
40342309
30374131
96837914
56039025
75152789
93010708
98553665
74715766
60121321
23757662
22100392
78618033
11625187
71858555
38823200
52692944
60070997
77301080
55139571
94543603
58235036
66160276
78392690
92993909
32246077
58457108
55907481
68588874
79989274
11452723
83607648
32343425
31929424
12435735
14874344
48834224
34179872
52516814
11562969
85561592
94216124
85498851
88850671
90778063
84037297
41402172
57607546
23546656
88670344
41734643
73493597
88721965
31731612
57863660
64267275
89739337
77707698
45145789
83146838
30970802
44306175
37617108
74317829
95046063
99804250
57625291
82681048
76243922
46621275
53360854
19914990
70243860
33063562
67857535
56250099
47407974
44209666
56775997
24776193
98761031
58418648
27026897
40173512
80374012
48253408
39510550
38838497
82643662
39278060
38860381
23418285
37670085
20636227
27327224
21267437
10810042
16902021
95214793
83410944
69869173
95887299
51149413
43799754
81293287
79448491
69756387
61429041
12754524
62714055
17181633
71600302
53761880
47578502
63480559
56790516
92640279
23422774
95267195
32785058
50275768
81980628
56104686
53248567
77389011
53731121
56071363
45235663
80853225
78562041
49337122
60752509
16995937
26237767
24427900
13169724
19116269
41140738
83220362
41441751
20226395
93074775
74763495
33781746
92378927
33637573
53384043
15221044
14798044
41620132
16377613
78373375
47965836
82129959
98906429
19013177
93676044
77461122
90819681
42683721
51228119
62351141
86734825
71428766
69850558
67369509
79170321
53348457
66225584
37349948
49756851
75856747
83514028
73422055
75618246
52345960
70043712
27302957
79231095
88307643
33987900
87889408
66340578
48098051
33664504
83099580
73118061
93044603
67416383
48401356
18654657
32760936
45929196
21065062
69309611
89455022
64134025
60539642
66891510
66270371
55839940
46714894
70095131
82218605
19636117
85304221
84716544
61419052
94621580
40886826
93041839
92630026
26748723
66316405
27368074
39696142
51181968
35346777
10959644
54375165
49035079
13197509
92937354
49954541
81295579
73367253
82424872
88180199
17580821
19463564
67186599
47923512
43790589
70207536
72089837
85348692
33521541
91230659
35249405
97059304
99687494
42289305
47710613
91412475
48032353
99702555
68430167
19604288
84047880
96305430
19136415
74710522
57355541
92416064
48667507
46526604
64756567
66625481
63509528
68744604
16099950
17900698
68576705
74319971
61868620
22716462
50994531
62598293
32010203
49303945
47527716
18479719
20471869
36577112
41487601
39989185
94184495
50721447
86822702
57412994
80030599
39725881
23481353
67792490
34120412
11758599
25527784
50509225
50847172
38389464
55206016
81151361
65388281
98509191
86855450
68311444
21528986
87684993
69642850
38173371
59561669
95638199
46336600
93692923
69727943
10468498
82675519
57597140
39714121
44666993
64673492
99208157
36299266
98331838
26080621
41102892
86094775
57941381
58311573
13952485
27356491
10877207
62946428
63683262
52772303
16230074
49623689
49538509
55925617
32186953
23987658
62652284
56736257
29980409
80096662
69591066
10732833
69454006
40559938
52277900
61125385
79714092
72083068
56798369
99936372
64638689
38107207
23726083
76022571
29806079
22082579
80808264
47802796
18224048
13309688
21225000
80666999
62971042
15001231
21109194
33708916
88508074
40249837
60446391
97951620
97101444
99101117
32314992
33586082
54529208
79424121
82884250
64410038
56128281
86741701
98081623
87160822
76206568
72140008
24135089
35723897
99422229
32991591
33547056
65619674
64806565
96064192
56507915
14882949
15082927
77496512
14048635
44844705
35455744
32651777
26792490
36623898
32943326
85833476
85753163
10830281
93360362
73559911
81723331
23836483
59650846
73427651
53464836
66462779
34477302
71848868
71400059
80498709
39011372
77433766
48138271
70041352
19112104
90968362
82595950
80374597
46552368
52660837
66228267
68551920
93974363
33460763
54568120
84041323
82950143
36079151
18268107
87925486
71438559
45859658
18232229
10159903
11143305
66895532
78299383
96977969
18406224
51898020
44649511
83009506
24012443
27752682
84191287
60074373
43984714
77464869
30676169
91311090
73931404
87873094
51233950
91949390
94501325
38478545
49302926
58395713
49753890
55438426
48695146
47521717
74774003
87343183
76275840
21307949
31843283
11487966
11953980
95091647
57461232
52741124
12119019
80571440
36329254
23257140
28578459
61439018
12365870
73393184
74011807
64510876
85772787
49799718
76876463
59335854
22760069
46692314
53903019
71333472
87177126
98924844
76220288
28806590
85149698
95305526
21151395
16757186
62564348
42767781
33633467
27271878
49088420
82349377
57347931
41379236
76800708
39688730
69564141
63196780
33838106
47372113
82638762
93405761
94449439
16513024
78184645
58431952
71606278
37211975
24964392
42701806
14085056
27815540
53690453
95663949
21430076
97422926
88547951
62120411
36449837
63337470
36400056
79829891
69469339
40669020
38136785
44164091
16325968
64712271
59222302
48141266
92500012
42949199
54490484
92931605
82744454
70282501
19189767
52574228
63048843
67471078
51556608
72115828
12866918
78909838
51037879
90986980
69154442
35129158
71526248
53593759
89018661
84292329
38268241
22830727
68051794
78751693
50759117
78804491
31923431
13724436
19672346
94985255
58656497
52994122
23461718
91815406
93819668
11961896
65503987
51276187
14614219
60810667
84670278
22655030
74989006
11160399
42544062
63309664
40393612
32936813
72654001
10970967
34070830
28656594
85437304
86154272
33911723
16173119
53646206
84130647
98729507
27673015
66292660
68491508
10884312
88336873
87781867
99191444
86170886
89628903
47017707
60756283
26308097
76907834
75947160
65356344
19725930
76694799
89454529
15537446
60488717
85329294
70544526
33704154
54103371
67998051
99834494
54408661
80519773
48290885
56797214
55448172
76953287
84536126
99901872
27616465
52716593
30842795
93610613
52325813
31015022
66376857
85557399
56004947
18741057
92387058
28678747
52257049
46622500
84857848
22653314
25732993
24644532
57678701
13828674
38996351
67906364
76378581
79932252
15799059
56988883
94834906
39775614
62936021
15132208
55426151
19947793
45190772
35071099
90317642
61132064
72195865
35636810
69472513
98130454
89844452
50548126
89747702
44591522
10621947
33504741
78403680
40768400
59637881
39183768
75716409
16924210
97509110
96649093
76617175
94831868
29251759
96591399
85399210
59215920
73486290
96042289
42854417
87800494
73893225
43010986
32878297
83490669
91370336
25858609
31321554
85618055
98605876
92964578
60273808
47305838
59681594
92871505
42526779
49444156
52315018
42999219
60876563
15321001
65407366
63652893
41956357
90269334
87707530
23177316
24324962
25064390
11853618
10956707
15008194
18400684
85161666
94601562
50920180
19827678
64829750
28945184
98339369
56349287
87665249
34752380
71086015
54757591
74850209
18198183
81729676
78446105
13017954
48352677
65673511
64596064
82996609
68532728
41111395
83789218
52501805
70743383
98883076
39806440
45350634
59406478
66492174
77840821
25219377
11653873
64161465
96557200
96997044
43855614
92888578
77378224
22151742
60602638
53080516
63660473
28549304
56239363
80379100
28218186
31267907
52902512
13504503
29993239
39221061
52470120
91361962
75089192
30911196
50027694
27301995
86500488
37830106
19732469
85810129
52788388
63338562
13053282
10969879
23801471
45836820
91036612
50097823
52168219
61421958
43978486
99059196
20422052
37322758
57459341
73451455
25274184
64006592
16973760
46973696
22123176
44504917
70588792
29527110
59754633
29633448
34044809
15455174
92050706
96405046
53104352
92791136
18507067
53995551
72428480
62213305
52347236
38633429
94051879
66559607
81981442
37809376
39705679
33210008
62539979
70971216
70280431
58583540
79815599
26542434
28684861
19625896
39970265
82161345
87244776
63002712
94760731
17934377
48310490
58593595
96431660
53528065
29390841
95412842
15643964
85955604
88402366
91376118
66195097
82655354
10047604
21031445
42201847
55195029
43107727
90643319
21258719
72539831
89733671
68286263
64234167
37230177
26613775
13586029
72448550
88189462
53977056
17991859
50795055
81558618
67294552
89183883
36935767
29384210
80145453
55562870
22450723
16234701
57114434
13847784
72723074
54052655
33475891
26709500
12856752
90525943
50902886
37530170
88418901
91001421
87542560
93624716
61366265
41903674
39900237
66252965
69603939
46847975
82516350
48878936
31769199
36406792
59267336
95381012
46557688
99970021
10850891
35691133
74188015
70758150
92424976
95619495
36472077
58636539
66936460
22467185
82688165
57197381
56874626
92610300
73500178
71717349
84987652
36247495
67965566
46488409
33843176
69304103
15921961
83195130
23543657
47532546
66349781
78311385
19660407
18263774
60774680
71687196
17708676
45224443
17054160
13613189
32398083
38165720
95484799
72131245
96570818
64704307
89076850
93498480
11489491
74729080
66846827
55778926
14379188
87473520
74310382
86944392
54562977
50589334
22935560
65994388
16445834
97004669
66250589
97557083
27394335
97040429
51271683
78523475
50587791
65825313
54813057
95718598
90356046
27540952
68693004
98475359
21466363
64230121
98220873
88886342
78780659
65644084
42390064
79757404
87380736
29479849
81633676
17598996
50433199
83179188
18265247
36820031
20670276
21197282
48431111
43613877
62208247
66624233
65817193
56446477
37271140
57858533
24248398
11351819
36183812
37681348
43749543
42392367
22142013
91343091
73853234
70870982
13283853
89423171
89112245
76407759
13074025
26906582
16294609
30247341
11421855
28283802
35905602
30564131
74040425
59488504
50292518
31894315
75274866
54492555
67566229
95647023
80593079
31158263
18255343
56699537
18888420
10192721
83758508
41431925
99503658
52182091
75064210
86250762
90706516
77389316
22239227
95215871
71714632
50889390
18726769
33410646
69817613
60233175
56160705
79876596
64499966
97851320
13561432
88011763
93584509
26843112
56662309
83240650
96580874
62314087
76886223
21408071
70461385
16394116
92920767
59799276
91066311
74192139
54309548
97897536
34200087
73309502
70878391
86569967
71807430
88036543
78449272
31036431
49645558
22543780
44671907
61166589
70353689
74654765
10164823
80511974
68064588
71928721
47872387
89460450
65444045
14499188
94380405
52409530
12728603
44830454
71864960
13346890
83983145
77284453
37727490
74558014
81360018
86519728
35723782
84763884
21540545
82086358
57453429
92856362
99453754
93881038
93479751
16965392
33741948
75941731
14213456
45263663
99220753
75722500
70236257
36344331
51336701
40609992
56363662
12925879
36314832
79527842
29142025
77702923
47409499
30981282
34429101
87525123
26256255
50022885
20087703
96392225
90588955
79691503
67189619
10199481
56928197
63949170
75085322
61891237
10709141
92620476
21493484
28296923
85041645
83393817
79477445
12583997
76963622
23522864
44319638
54327128
93700429
89334977
99042481
35518378
27802790
28450300
91538185
40083084
33012422
86834428
68314658
70318524
55762015
68689763
32906535
21837318
99551385
18199698
63533594
81342351
45696261
39209637
80774846
50881192
92716490
91908752
25019848
91865830
22643996
44099532
74522070
73818939
56636448
18228908
80589140
42173392
78572347
76421427
31195608
62680119
95148686
27452168
33858093
67993001
87714940
59454056
93485381
43698416
92605846
86613059
48030880
24949826
19174112
48881464
87157618
25990562
57055324
85681331
42341646
86875637
65658320
70757365
52926332
55429006
82795669
34464912
37123669
98968962
57347837
15471502
98433217
76939159
23376866
33712690
77592459
40987867
41506759
41141974
91244638
50000208
43675310
65455987
60187679
21507269
46038006
10091583
80110438
20927040
54443117
14270577
23071769
65924247
44584058
22130848
50712359
46233118
84775392
49236169
