10019187
10026073
10026675
10029546
10035984
10042763
10064748
10075750
10094919
10124908
10129939
10158421
10160744
10162337
10163255
10163329
10163645
10164975
10166467
10173970
10184732
10186635
10187730
10195123
10197206
10203426
10214562
10215731
10221504
10276569
10284877
10285715
10308498
10320362
10341164
10361785
10362982
10376544
10377108
10389355
10400868
10404661
10409251
10412516
10419494
10419633
10427201
10448024
10449610
10451650
10456120
10469321
10474132
10485085
10496188
10505741
10512921
10514729
10517888
10533274
10545010
10559125
10560456
10570746
10576232
10595445
10601921
10603171
10636087
10638777
10643468
10646482
10654799
10658291
10681855
10689333
10700015
10700194
10708023
10713030
10723028
10724980
10729817
10735051
10744028
10768277
10789565
10792974
10805744
10807274
10821692
10822087
10827256
10845733
10871517
10892496
10895694
10903358
10903467
10915446
10927778
10928738
10947673
10987781
11005654
11007039
11009546
11010929
11013535
11027506
11035372
11042881
11057593
11061134
11064324
11066236
11072679
11079819
11086965
11118414
11119389
11134595
11135012
11138482
11144190
11148682
11152019
11155390
11165059
11166292
11171844
11174162
11207510
11217287
11227329
11250287
11252057
11254438
11256796
11291613
11297469
11298009
11300685
11307342
11310773
11317177
11324518
11346606
11347969
11351949
11361493
11369318
11374532
11397363
11402979
11404512
11404793
11420718
11423028
11430862
11436328
11437486
11463962
11482394
11490593
11498176
11499321
11505274
11521841
11533763
11539688
11544363
11561419
11580929
11582451
11584756
11594532
11596023
11608415
11650975
11652884
11674985
11676789
11678472
11691178
11692848
11696195
11698388
11717231
11726659
11750226
11751697
11755328
11768408
11774818
11795591
11804131
11808788
11814092
11825315
11830893
11840015
11842441
11854055
11871485
11874637
11875370
11892983
11914318
11919376
11927940
11930155
11949221
11956991
11963105
11968123
11981985
11983300
11989762
12017181
12024889
12028281
12034814
12054420
12066850
12074388
12075783
12082311
12084032
12092910
12094832
12106068
12111139
12140028
12145366
12146367
12147862
12176446
12176794
12176864
12177560
12182820
12187165
12188170
12210374
12213661
12214848
12256006
12258816
12262239
12263218
12295687
12307894
12326366
12337243
12337734
12359110
12390032
12391783
12393477
12403278
12404879
12407700
12419383
12423121
12428902
12433898
12438570
12444775
12449360
12451239
12457502
12461867
12464744
12479807
12487683
12497918
12504793
12505290
12527179
12537043
12547909
12559194
12568762
12587305
12596452
12596694
12601623
12604949
12630420
12633190
12644931
12653033
12664314
12686403
12689534
12699899
12700359
12742223
12747667
12758730
12763800
12767168
12767673
12769949
12774322
12774478
12787680
12800691
12810023
12821744
12855008
12876739
12888855
12892871
12901762
12913779
12913911
12929490
12952361
12963532
12984268
12986608
12986993
12990724
13007066
13030721
13042527
13046219
13051198
13053603
13072097
13083857
13089093
13093840
13103128
13108293
13109772
13116201
13116562
13131488
13134350
13146418
13147426
13156758
13177289
13186284
13195033
13196791
13218840
13235788
13246868
13249035
13254819
13264990
13273068
13288015
13297053
13304347
13320058
13324460
13335284
13337738
13339942
13364874
13375613
13385984
13390467
13407247
13408552
13416094
13419813
13443660
13446437
13450409
13454283
13456347
13465762
13466735
13468102
13488829
13498469
13504843
13519440
13522698
13526144
13541460
13551848
13557186
13561504
13566780
13585285
13586315
13588570
13592110
13593428
13595122
13599871
13603820
13608847
13619492
13624688
13628864
13630549
13641323
13642005
13665500
13684229
13718080
13719607
13726042
13730294
13735939
13737587
13748787
13756101
13756591
13761017
13793231
13800623
13802610
13824687
13824764
13845675
13851518
13852001
13852682
13854013
13861635
13872109
13874757
13880281
13899214
13902888
13909261
13924445
13924940
13925280
13938919
13944082
13955345
13961039
13964307
13966274
13966502
13992713
13997013
14000166
14029446
14034076
14040885
14051873
14056388
14068806
14090215
14091244
14096352
14102791
14118934
14131594
14136268
14136655
14141170
14144540
14157054
14157153
14168103
14184467
14185662
14202263
14203982
14211454
14232263
14240421
14249476
14258492
14267872
14277202
14283991
14294612
14304097
14306081
14312837
14316380
14319688
14333766
14335405
14335970
14341266
14362256
14379325
14391113
14413775
14426608
14430281
14430299
14445941
14455024
14465837
14477186
14485846
14494456
14506839
14514139
14519677
14543911
14555543
14561281
14567822
14569489
14571629
14573773
14575323
14581228
14584456
14587648
14592678
14608751
14614285
14617455
14619751
14624759
14632302
14632751
14644872
14657813
14679650
14680716
14688810
14690430
14702204
14704098
14704663
14707260
14709282
14716727
14719585
14726375
14738352
14739688
14750848
14753341
14774868
14801809
14805180
14819005
14826310
14835283
14841814
14849268
14851186
14862211
14873399
14873399
14882693
14899179
14903580
14927722
14936616
14939091
14941496
14963688
14977200
14981285
14993129
14996159
15010944
15015126
15017683
15020090
15026694
15036265
15053012
15054831
15064906
15106476
15116486
15120291
15126203
15131587
15160699
15161197
15172675
15175222
15178788
15182200
15194473
15202213
15202675
15203027
15210462
15225811
15227606
15228927
15233312
15244467
15256925
15258387
15260881
15262498
15286527
15287941
15294801
15307759
15314145
15330705
15334949
15362939
15365347
15378909
15395565
15398955
15413670
15419524
15424456
15424475
15427000
15444462
15475730
15497938
15507545
15507648
15510682
15537310
15541991
15563849
15571023
15572193
15578841
15586381
15588774
15596982
15605333
15614321
15617812
15618574
15629085
15635725
15643880
15645257
15665571
15675644
15689325
15705382
15706055
15715503
15718083
15721375
15725578
15731760
15734702
15745284
15747965
15766124
15769367
15798963
15812080
15827006
15830085
15832977
15838403
15838752
15839154
15857221
15859798
15869662
15875230
15902574
15921040
15925732
15936435
15937691
15958438
15978966
15984882
15985530
15991059
16006870
16007542
16011195
16036759
16080247
16088161
16131167
16137768
16226089
16233876
16234521
16245139
16251659
16268939
16277719
16284203
16288504
16291095
16293790
16298706
16301583
16317187
16318870
16332087
16339930
16346786
16352529
16397204
16405918
16421780
16434049
16438817
16440108
16441636
16444668
16451530
16455506
16479435
16481995
16510702
16510796
16512593
16530850
16531288
16538233
16562223
16567705
16572311
16581826
16584072
16601373
16602105
16605155
16607483
16610755
16613260
16618523
16636243
16644510
16662760
16664688
16685819
16705789
16715828
16718784
16736658
16741085
16743550
16747473
16748648
16757188
16766841
16768106
16769490
16774983
16775654
16780127
16787508
16796762
16805305
16806590
16817412
16820472
16825177
16851050
16855558
16872642
16887059
16892347
16916026
16917368
16917445
16923925
16937224
16943090
16961342
16967155
16977844
16979856
16982110
16986151
16987950
16995981
17006183
17011042
17014026
17015152
17023803
17029123
17043261
17048139
17059329
17064657
17070567
17071935
17078745
17093632
17105800
17107100
17107707
17120618
17132698
17148395
17159348
17166912
17171968
17189598
17201762
17204221
17207423
17208969
17210592
17229176
17244004
17245629
17252192
17255023
17259966
17268727
17273777
17275242
17277174
17278956
17288943
17291580
17321012
17327839
17328438
17338757
17345172
17364311
17372212
17375488
17380428
17382496
17388137
17392801
17409642
17412741
17414926
17427197
17431272
17440239
17443029
17448696
17450646
17464815
17477873
17491587
17493433
17504868
17536403
17541933
17553085
17554878
17568841
17571433
17583498
17606345
17626111
17633684
17643343
17644720
17684917
17686798
17706517
17709853
17719133
17719636
17729806
17743252
17743495
17776581
17808193
17822793
17829544
17833661
17846581
17848085
17854801
17854969
17864244
17873117
17877400
17882626
17889552
17893324
17896818
17908349
17920693
17925139
17929040
17937016
17952084
17956563
17964093
17968563
17971013
17973801
17979617
17981715
17986931
18004250
18010509
18013120
18015568
18026360
18037646
18040928
18050240
18050419
18052483
18053518
18054951
18062196
18074383
18088635
18098133
18111832
18129402
18134466
18151139
18163619
18180404
18186399
18194512
18196942
18242707
18253821
18272661
18274897
18277960
18289180
18302207
18307058
18316410
18322444
18324050
18336014
18342370
18346897
18351401
18371838
18375416
18376947
18385365
18391036
18394944
18408241
18423627
18425442
18449679
18457858
18463247
18465168
18467775
18478205
18480316
18485374
18486086
18490083
18508056
18511360
18514995
18516399
18518049
18545582
18557430
18562783
18570010
18605667
18617642
18642952
18668519
18676810
18680009
18686165
18690393
18694512
18699016
18699399
18700823
18718130
18727445
18752517
18766091
18776634
18780811
18783038
18791991
18795610
18812625
18821129
18821767
18821769
18827602
18833106
18837382
18873199
18888386
18899519
18917865
18929849
18931273
18933200
18936956
18938119
18942501
18944265
18950224
18956596
18968916
18977369
18977811
18980760
18997409
19009431
19012236
19019386
19024644
19031491
19038681
19047946
19052405
19054683
19055907
19084066
19091809
19101187
19109792
19118942
19128540
19130695
19135070
19174244
19182609
19182868
19187813
19196676
19201426
19216550
19219950
19220063
19222201
19230871
19242428
19243948
19247353
19251491
19272467
19289379
19308002
19308093
19318407
19355589
19355845
19368331
19376952
19380512
19383156
19421085
19445768
19446972
19448147
19462332
19463037
19471544
19472171
19473500
19475026
19475072
19475311
19476188
19482639
19488010
19488365
19504227
19504895
19507705
19507832
19508288
19530004
19532770
19539082
19542878
19544645
19548228
19550647
19560583
19577869
19586768
19594937
19597503
19599015
19602851
19603702
19604479
19610495
19643200
19644794
19649220
19668758
19672053
19676455
19689897
19706985
19723563
19735137
19766604
19787536
19788341
19800988
19809965
19815571
19854640
19863168
19863894
19889373
19908511
19914492
19931152
19947091
19949400
19958500
19971346
19978798
19980837
19984004
19995381
19995806
19997276
20009777
20017995
20033640
20038750
20040340
20043081
20044050
20052463
20061329
20062670
20077718
20102562
20104257
20116734
20122932
20125984
20136848
20141162
20165356
20181043
20182053
20186397
20191512
20200141
20200365
20202908
20209118
20222445
20227630
20229916
20239150
20244214
20250715
20278036
20291623
20291667
20291672
20300372
20311540
20321275
20344155
20371701
20374092
20377859
20382922
20386229
20396707
20401476
20406346
20408484
20415457
20422420
20426035
20433531
20441428
20448264
20460587
20471307
20498918
20508792
20520962
20557976
20563187
20571925
20572791
20581461
20591044
20634813
20636539
20645053
20666957
20687429
20690886
20703844
20709082
20721604
20722769
20732113
20732467
20740438
20741061
20748338
20750730
20765874
20778495
20779568
20790889
20792152
20793430
20796861
20798778
20800325
20810823
20811694
20818322
20819677
20831158
20835948
20839247
20841403
20846826
20861729
20875498
20877889
20878923
20884358
20890533
20897824
20905366
20907917
20916150
20916720
20916776
20932190
20935261
20955325
20989703
20993100
21016877
21018771
21021656
21025797
21043978
21066526
21068868
21098434
21105034
21105083
21114704
21131853
21135778
21146267
21146394
21148608
21153143
21157963
21175520
21178618
21183103
21184697
21212734
21221374
21224629
21227285
21231604
21235773
21238998
21242598
21271705
21273483
21276457
21291964
21330230
21337302
21338294
21338826
21358784
21361606
21367992
21370737
21386381
21387356
21391733
21444679
21447750
21448280
21450971
21453430
21464428
21466783
21472260
21478426
21479964
21480476
21482505
21487568
21502547
21513758
21515472
21520782
21564829
21566766
21570766
21575832
21607640
21612877
21625729
21632871
21638266
21646024
21654104
21670380
21676965
21702281
21717475
21728031
21738998
21741199
21745429
21746262
21747419
21776223
21778232
21809473
21815220
21835673
21842977
21854330
21860086
21860194
21876621
21888782
21891091
21913057
21923524
21937919
21938234
21944447
21954418
21956771
21956949
21960148
21964908
21965277
21983876
21989627
22002877
22005764
22011540
22015068
22015931
22018465
22038527
22041029
22057396
22101638
22102823
22118882
22165612
22174707
22174778
22191562
22196326
22197399
22198661
22202305
22204674
22206949
22219350
22238560
22238753
22250595
22257971
22258886
22263173
22274808
22282579
22287961
22297932
22312427
22340670
22345534
22346767
22363806
22364578
22371758
22394299
22403174
22422362
22426593
22428905
22441052
22453677
22463541
22464238
22467075
22474475
22478446
22493387
22493690
22495147
22515000
22517252
22521946
22522119
22529773
22593125
22597332
22613885
22616126
22659149
22674449
22676482
22681877
22697399
22707374
22741778
22746655
22762473
22766204
22766405
22784904
22787975
22794357
22805625
22808778
22817065
22821061
22821689
22821784
22823966
22846941
22851567
22868610
22889501
22895835
22920514
22956435
22961151
22964676
22971195
22992848
22996846
23008085
23015768
23028629
23030516
23036857
23045428
23048697
23050716
23073807
23084464
23084497
23084809
23098335
23104162
23112729
23124988
23131121
23142669
23144102
23163497
23166748
23169581
23170907
23193757
23212169
23221004
23232249
23233563
23234602
23235007
23244427
23255139
23258496
23261313
23263690
23266032
23268050
23281091
23285319
23291379
23303661
23310193
23314987
23339562
23347822
23371994
23401189
23404237
23410875
23428216
23435166
23440663
23446693
23450053
23459166
23467668
23488628
23499707
23504022
23521856
23546065
23555128
23560093
23561590
23578770
23589495
23611876
23633322
23636134
23644855
23669869
23692970
23697017
23707405
23711445
23716706
23724942
23726752
23730529
23740490
23747854
23778398
23779364
23794852
23811400
23817733
23819918
23823936
23846586
23850869
23856737
23879059
23885407
23893336
23911754
23927991
23943040
23948203
23948759
23959313
23964539
23965461
23991522
24005387
24005865
24031536
24034460
24043893
24066493
24073534
24078356
24089252
24096364
24098320
24099583
24101237
24128413
24131814
24133321
24138601
24147924
24167395
24167749
24179941
24180844
24183282
24187974
24188388
24197616
24210894
24218286
24223413
24238724
24247714
24263246
24270446
24278550
24283578
24289584
24292635
24314144
24319568
24330637
24330891
24338994
24360976
24369960
24383608
24391192
24395517
24395726
24400506
24410623
24417516
24426629
24437915
24444928
24454853
24472536
24473794
24477725
24479253
24487785
24491643
24506225
24519638
24521233
24538439
24543472
24569139
24572241
24590186
24594692
24595462
24607480
24607975
24608404
24621203
24632944
24635179
24648321
24648924
24655131
24712110
24715162
24724036
24729431
24733232
24734893
24743860
24762505
24777867
24789885
24794358
24796569
24799086
24828253
24828891
24832544
24844608
24844922
24886950
24898309
24899491
24904018
24904667
24909954
24915037
24921183
24925824
24940716
24946281
24952388
24952971
24971951
24984537
24986371
24987129
24999401
25011857
25017620
25023652
25051390
25053539
25060329
25076929
25083308
25104840
25120191
25120384
25122832
25145665
25149815
25151526
25156687
25182627
25190229
25198131
25204212
25208346
25233883
25263814
25270884
25271839
25277906
25288075
25295342
25301635
25303893
25307379
25311496
25324620
25341444
25345435
25346498
25346576
25351782
25360763
25373036
25396288
25404462
25413122
25414040
25414077
25437874
25471276
25484138
25497686
25509877
25517085
25548053
25550585
25552597
25555221
25565782
25568395
25571500
25579683
25589441
25608997
25644512
25650194
25656541
25671726
25673765
25674721
25675052
25678758
25695774
25710490
25717803
25722471
25726707
25741579
25742702
25744920
25768863
25774708
25795708
25809924
25815445
25822358
25823392
25827789
25831793
25835682
25839195
25853455
25858412
25877117
25880947
25883912
25884286
25891318
25894268
25925067
25933363
25950811
25958211
25962212
25968703
25972131
25975088
25984610
25991027
25998525
26001287
26011287
26019462
26030264
26035994
26036433
26038583
26068590
26070300
26079927
26081474
26085951
26092150
26097475
26099260
26102779
26105931
26113981
26114357
26146832
26163412
26165459
26175954
26195112
26202520
26205437
26218151
26218980
26235895
26236925
26240073
26241646
26253447
26256945
26273548
26275237
26308475
26312771
26315216
26321525
26327329
26339140
26388905
26406554
26419347
26446436
26473918
26475369
26476486
26510615
26522364
26540809
26547061
26548651
26563152
26570625
26574228
26590588
26596524
26602758
26611038
26611911
26614468
26620899
26647702
26650857
26668861
26670205
26672615
26675727
26682001
26684196
26688584
26697975
26699279
26700994
26705937
26711438
26729748
26742476
26764025
26779269
26789953
26790423
26793493
26795658
26799481
26803743
26806072
26809478
26821770
26824998
26837453
26843947
26852352
26863650
26864741
26868770
26881589
26881965
26892748
26893416
26895631
26925529
26932061
26935113
26940646
26953441
26953896
26968693
26972983
26975992
26977081
26978186
26985913
26998435
26998650
27004401
27007235
27017711
27022132
27029247
27046552
27047578
27054382
27059791
27072076
27096075
27112154
27120318
27125143
27129443
27131909
27133128
27137823
27143754
27168151
27168906
27169844
27180767
27184649
27186958
27187210
27189050
27195076
27201177
27215352
27223392
27248365
27258957
27263519
27264364
27269917
27270671
27301877
27304118
27304864
27315807
27316306
27324542
27333768
27336264
27336899
27337300
27343732
27353756
27365541
27388040
27413886
27422687
27422801
27459466
27470320
27474609
27478191
27490265
27497212
27503503
27532785
27534646
27535756
27539053
27539599
27552967
27561510
27574871
27578650
27585848
27588759
27606911
27610633
27629110
27631263
27640200
27643194
27669580
27678814
27681118
27693882
27701009
27701123
27743193
27746641
27767719
27777251
27800109
27805167
27807377
27827136
27830975
27836559
27836890
27838722
27857728
27873618
27875183
27877940
27902046
27912668
27921661
27941774
27946594
27954264
27961949
27967612
27970650
27979631
27989437
27993192
27996315
28014200
28014300
28035756
28044182
28052291
28058699
28059180
28095908
28096642
28106091
28115405
28117697
28123787
28124236
28126458
28133728
28134627
28155205
28169209
28177243
28184260
28192282
28196314
28200591
28208751
28209271
28217286
28226313
28230594
28231740
28238285
28274424
28282863
28286483
28292030
28312025
28314804
28315540
28337354
28377879
28379631
28386460
28393136
28393147
28400901
28401401
28447534
28451790
28462142
28485000
28499151
28507327
28513370
28519577
28520821
28523121
28528647
28534309
28534613
28540960
28550330
28554677
28554879
28557301
28558270
28575701
28582819
28610618
28613629
28618836
28652246
28681461
28685848
28686033
28696849
28697950
28698079
28715722
28718553
28729582
28732849
28745780
28748730
28754605
28756548
28763403
28767272
28769351
28795760
28797596
28798644
28802036
28806705
28826406
28832566
28832849
28840788
28860364
28867871
28875425
28906595
28909583
28914919
28929100
28946318
28970989
28974416
28976088
28987699
28988081
28996474
29008199
29031806
29035488
29051867
29064723
29080319
29088184
29100004
29101573
29103662
29118066
29118976
29119438
29130718
29137258
29137438
29147269
29155326
29171927
29177012
29179020
29184340
29189973
29204918
29207448
29208672
29210744
29213599
29217516
29249135
29251838
29254594
29261832
29282622
29288492
29290302
29295535
29308315
29312336
29314318
29319844
29345965
29348210
29355334
29358986
29361838
29370794
29381503
29391534
29395839
29403039
29415016
29426752
29433615
29433953
29435704
29439694
29442912
29442958
29453855
29454724
29494128
29496609
29506167
29506227
29509344
29530569
29536454
29537999
29547405
29552434
29553897
29561814
29592034
29597423
29605842
29638773
29640711
29644285
29661443
29664081
29672727
29683054
29698856
29722319
29732883
29734105
29740788
29743264
29748675
29751991
29758116
29762686
29769302
29773639
29776217
29800288
29814575
29814793
29821756
29821998
29843463
29850369
29852803
29856315
29861726
29872173
29874590
29885579
29888825
29897849
29902380
29902919
29905193
29911469
29912236
29926382
29927557
29935151
29938103
29943935
29944818
29946323
29957926
29962547
29968832
29970489
29973464
29974512
29986266
30016173
30028290
30031717
30034654
30043874
30064846
30073002
30076679
30085435
30089829
30093370
30093523
30104842
30110242
30121252
30127646
30132723
30132915
30133341
30135668
30135943
30157136
30161424
30166290
30175684
30179415
30191985
30208858
30213716
30215362
30233173
30249492
30252791
30261501
30272040
30272169
30277573
30287672
30289702
30307588
30315887
30318299
30332727
30343359
30349354
30354447
30362968
30366334
30378855
30386999
30395614
30397365
30406189
30406640
30407924
30415546
30417101
30423247
30439273
30449752
30458929
30471139
30479792
30490063
30499399
30525593
30559305
30570125
30641146
30651381
30654596
30654683
30660006
30676126
30682006
30688215
30692687
30697824
30702154
30707317
30708594
30719906
30726513
30736488
30752168
30753556
30770922
30795072
30813106
30813672
30820505
30832717
30847201
30862542
30884877
30921368
30943301
30962533
30968410
30973934
30983241
30997365
30997751
31001023
31003310
31007625
31015715
31030894
31039458
31043756
31056106
31057856
31062043
31073025
31074632
31091837
31120995
31136107
31137639
31157482
31160493
31162585
31162620
31177071
31183429
31196818
31204334
31213536
31251482
31254059
31255669
31259354
31268191
31280723
31281834
31285239
31296397
31297439
31317113
31320636
31327811
31329769
31337744
31364840
31377890
31389135
31393200
31405551
31410442
31427655
31437245
31449222
31456932
31458256
31463434
31484910
31488023
31493768
31496091
31498065
31498454
31505870
31508963
31518230
31540702
31544355
31555513
31575526
31575958
31583754
31585866
31619553
31620220
31628673
31633361
31634099
31636550
31642107
31653172
31660945
31661280
31662654
31662745
31675654
31683976
31687629
31698235
31729571
31730035
31735008
31765876
31799430
31812045
31813750
31820424
31821268
31821637
31833969
31836823
31853937
31856303
31866667
31868287
31884804
31901612
31911694
31917632
31928398
31931054
31939893
31940994
31947713
31951646
31959933
31972085
31976935
32005782
32008771
32017007
32020431
32023837
32025592
32031502
32036093
32039585
32046180
32049042
32061862
32079397
32089432
32089989
32105199
32108620
32117734
32124536
32129532
32148342
32150743
32174710
32181179
32181731
32187779
32204570
32218714
32228048
32228861
32241273
32241449
32248329
32248370
32257236
32261017
32271028
32279997
32288611
32299647
32300745
32306114
32311910
32313662
32314611
32317542
32326428
32342612
32343859
32364436
32404870
32405060
32435215
32435604
32440637
32443487
32482445
32493776
32494144
32494670
32498025
32515190
32531838
32537273
32539220
32543750
32574869
32584342
32609964
32611915
32624988
32639292
32645123
32647941
32670478
32677739
32678979
32682498
32691832
32703836
32704403
32708093
32711233
32734180
32750385
32762657
32767684
32768208
32768213
32770854
32781274
32790924
32794455
32797611
32821810
32844942
32849513
32852135
32852151
32863774
32874458
32910842
32919551
32929131
32930657
32944966
32969772
32974763
32977905
32991093
32996552
32997794
32999921
33000614
33000794
33008413
33017191
33032208
33039619
33045667
33046487
33054498
33054991
33059863
33074493
33079000
33095096
33120302
33127454
33141671
33147801
33161715
33162113
33165362
33174937
33180351
33181261
33181474
33187087
33202759
33203357
33203943
33218073
33228625
33240207
33252472
33282843
33293722
33318314
33321360
33347407
33348313
33348961
33352716
33362867
33363424
33409949
33412182
33413887
33416205
33439601
33457302
33473698
33476918
33488596
33543504
33553138
33554378
33565280
33576451
33588510
33606135
33612698
33632856
33673410
33673468
33684631
33714838
33733704
33740703
33743898
33746026
33762511
33785747
33793864
33814475
33816065
33819135
33837271
33844455
33848950
33855030
33856380
33858792
33861522
33865904
33866158
33879013
33883279
33893371
33896854
33912207
33918062
33925321
33929057
33929154
33946413
33956167
33962637
33989129
33997070
34000009
34007907
34012484
34017123
34028878
34032045
34034005
34056084
34068932
34078502
34083426
34086330
34093089
34103744
34119603
34120595
34138526
34158538
34170915
34173588
34176256
34181646
34188652
34212446
34223294
34224474
34227491
34233152
34234993
34239642
34257696
34261609
34266606
34269115
34270608
34279953
34291966
34294960
34316200
34324086
34325955
34331050
34357249
34382259
34385782
34386286
34390097
34391838
34396448
34399843
34400835
34403453
34416044
34417908
34419593
34420244
34420446
34421772
34427602
34440197
34441625
34446497
34455657
34471730
34486488
34493413
34497222
34498174
34507099
34512653
34535869
34568372
34577057
34577271
34586794
34594457
34599040
34601828
34604212
34607994
34615535
34635955
34644755
34663349
34672384
34685952
34689146
34691760
34693479
34697369
34709232
34713333
34716347
34716739
34725182
34739047
34742129
34766129
34781487
34785992
34787660
34808616
34809307
34831206
34833764
34839880
34849098
34855306
34859489
34861407
34875784
34892240
34899524
34917737
34919195
34925220
34928425
34933256
34936720
34945277
34950279
34968826
34972797
34980757
35002326
35005928
35026006
35034726
35041753
35044599
35057974
35060065
35067871
35071547
35087209
35098990
35137749
35140373
35144245
35151116
35152584
35153286
35163200
35190845
35193638
35194006
35201584
35213620
35213734
35230309
35254447
35295182
35310274
35313566
35318716
35323515
35325204
35335778
35346367
35352686
35374793
35383109
35397104
35423589
35424328
35447801
35462556
35463777
35464845
35481067
35491367
35494457
35496060
35533557
35547434
35548193
35550260
35553629
35553745
35554352
35555664
35560796
35567201
35574905
35577742
35582350
35601171
35605639
35613837
35616380
35634374
35636562
35638771
35640971
35647160
35655502
35662413
35692546
35692974
35694303
35703746
35729471
35740081
35750268
35751713
35774058
35782027
35792552
35806327
35857764
35867557
35872450
35872585
35874876
35876330
35876873
35878554
35884312
35895976
35900291
35930036
35935530
35953980
35956458
35957274
35958498
35992927
35998820
36006213
36009586
36041254
36047170
36050002
36050605
36051711
36054508
36056146
36061382
36070338
36075217
36085218
36090380
36095597
36096894
36098753
36133203
36163614
36163645
36167136
36187724
36188145
36197787
36198299
36202281
36202821
36204211
36211170
36217900
36224418
36242561
36245925
36248330
36251404
36254579
36265076
36270775
36278299
36284782
36294304
36298623
36318434
36321002
36323653
36330820
36352598
36357069
36357728
36367892
36374028
36382411
36423095
36423830
36429011
36438028
36466724
36468574
36477793
36492371
36494132
36494430
36509678
36521954
36525513
36535017
36559504
36569044
36591560
36595435
36609144
36618617
36620302
36645998
36655026
36662077
36667704
36677905
36679208
36679480
36697472
36721199
36722216
36735267
36736984
36743644
36749563
36751680
36757819
36758971
36760014
36763825
36777582
36781023
36787802
36807105
36822392
36824790
36841060
36841117
36843399
36862278
36862873
36896512
36900633
36905824
36912263
36914614
36925005
36935140
36946991
36976624
36982044
36999131
37009439
37019045
37023784
37028897
37031700
37032221
37042469
37049737
37050350
37073737
37075827
37078060
37080392
37102094
37122770
37132612
37133221
37141291
37158044
37161356
37167101
37179883
37194986
37206957
37210009
37215994
37217178
37220044
37281186
37281989
37289013
37296344
37310490
37311408
37312127
37313693
37329277
37361871
37375222
37385279
37399605
37401843
37414289
37414975
37415626
37426834
37436140
37438931
37451336
37453228
37482095
37486033
37491711
37495963
37503546
37506129
37512756
37518123
37519959
37541885
37554617
37565445
37567936
37573147
37593923
37601720
37604371
37627637
37638190
37668605
37669127
37674231
37684837
37686753
37693479
37694241
37703898
37728949
37732294
37738027
37744118
37749259
37750590
37757100
37765127
37791659
37798151
37827930
37828691
37869723
37891566
37905910
37912550
37914697
37916329
37925492
37928923
37934354
37943590
37947288
37960859
37980133
37986568
38005836
38006617
38015671
38038418
38063149
38075118
38075715
38085863
38088839
38096186
38097082
38109859
38110694
38112630
38113172
38120601
38162441
38177786
38180505
38197484
38197640
38202370
38202641
38215193
38242783
38262675
38274137
38287700
38322328
38343258
38347363
38350066
38357494
38361533
38380175
38384882
38385974
38396153
38407024
38409452
38433239
38434671
38443779
38470930
38485747
38493436
38503104
38510643
38510963
38511682
38524536
38542939
38549620
38556833
38557278
38582424
38594498
38600578
38605399
38606880
38618870
38618994
38623222
38634656
38635683
38641675
38663367
38664613
38665255
38667191
38672132
38707796
38734818
38741734
38750937
38773265
38777861
38798873
38830772
38835306
38842086
38843987
38865030
38865946
38866139
38871262
38878742
38894396
38908153
38920580
38925020
38930444
38940480
38942069
38942618
38950243
38956635
38957214
38965863
38985791
39004219
39007795
39009921
39013320
39019343
39024022
39026461
39044922
39051572
39054077
39076263
39084014
39088907
39091354
39092599
39098129
39099472
39106954
39114867
39118370
39124692
39125480
39140512
39149156
39173599
39184222
39184544
39191345
39192124
39196425
39211307
39215202
39229391
39235965
39250817
39259680
39279785
39291622
39298890
39299819
39305475
39320627
39334680
39337351
39351996
39354964
39357568
39366638
39393708
39397701
39406800
39431660
39469212
39470484
39481771
39487401
39510681
39518241
39519437
39550395
39555590
39556993
39561922
39569681
39573476
39575478
39582666
39599650
39601893
39610251
39617025
39626709
39635029
39636730
39642833
39647511
39657204
39673200
39681040
39684633
39704089
39709959
39715061
39718866
39726140
39734100
39735540
39736322
39760533
39765182
39796410
39805405
39809536
39816457
39819687
39822335
39831209
39851866
39874659
39879207
39899474
39900803
39904964
39915515
39938593
39939738
39956442
39971637
39974297
39976539
39993594
40011116
40018085
40020177
40024818
40028660
40036941
40038326
40043585
40046797
40053762
40057251
40058242
40060665
40073811
40073849
40079748
40085034
40090505
40113917
40119094
40149206
40153343
40153428
40154479
40155592
40160354
40180030
40191808
40193237
40214682
40219875
40222128
40228500
40229475
40232244
40232446
40246464
40271268
40272919
40273648
40287241
40301710
40314762
40317073
40317795
40348318
40349383
40354114
40354636
40363895
40368808
40369401
40370963
40387592
40387918
40400458
40410099
40422539
40432334
40462328
40468847
40479746
40487896
40495622
40500284
40510821
40529038
40537047
40541006
40549293
40554754
40565313
40578000
40581395
40594195
40606227
40633925
40635882
40647730
40651338
40662171
40665151
40680078
40683885
40704263
40714070
40716531
40722511
40730073
40741749
40743828
40745530
40746677
40752904
40766776
40781867
40787736
40794158
40808741
40835930
40851312
40852987
40853317
40864118
40870776
40875998
40888056
40894359
40902232
40904949
40908505
40913382
40934354
40940012
40942593
40943290
40963689
40976120
40979422
41021129
41031288
41035495
41043331
41044938
41061595
41070574
41073630
41078344
41080150
41081513
41090644
41090699
41092845
41097401
41097983
41108934
41110631
41110720
41117195
41126089
41127018
41127711
41128542
41135096
41136346
41154992
41161742
41172674
41173433
41173635
41179594
41183606
41208988
41213974
41223100
41227076
41242821
41247305
41249503
41258735
41273175
41273482
41276781
41280381
41287291
41292635
41309134
41313840
41319852
41329373
41350954
41353224
41353289
41358428
41372688
41377230
41386052
41417492
41437083
41437444
41450897
41485433
41501974
41506082
41517559
41521349
41529658
41531432
41537102
41555131
41555198
41558222
41573898
41576760
41600519
41609155
41612148
41641963
41653825
41655501
41680012
41682425
41689351
41703515
41706031
41711877
41712098
41715175
41740833
41742097
41771932
41785569
41796024
41801908
41809009
41821850
41830490
41853304
41858352
41862657
41865257
41892664
41909774
41913784
41921999
41927938
41931635
41941834
41946924
41961750
41983754
41986788
41990008
41992932
41996800
42005111
42008908
42031035
42041503
42057327
42058891
42066772
42066905
42074059
42105131
42108977
42109495
42109871
42118032
42120970
42133757
42138167
42142866
42144507
42152426
42153850
42161011
42161346
42161584
42169744
42170442
42170990
42175213
42178014
42191990
42216352
42220507
42223743
42228782
42244261
42247753
42255740
42258078
42275840
42286631
42296220
42297786
42297886
42306295
42306972
42307116
42313629
42321443
42322601
42327332
42347574
42347681
42352040
42373324
42383441
42385463
42403444
42405619
42407199
42410593
42412258
42423567
42430157
42435421
42436775
42436974
42449968
42456174
42475577
42532883
42535488
42544347
42547585
42554255
42561845
42569872
42571613
42573683
42598952
42600305
42601527
42610463
42622937
42638365
42647406
42667694
42668711
42675145
42678056
42714782
42719794
42751524
42752373
42776676
42780097
42785225
42785466
42799908
42801380
42809295
42809351
42812351
42818357
42841838
42843237
42870794
42878183
42883755
42885904
42889984
42941357
42957029
42996767
43013934
43030785
43033831
43033879
43038604
43040971
43049757
43053801
43063482
43071135
43076504
43086819
43089545
43128770
43129613
43129841
43131970
43134108
43143773
43149316
43181167
43187230
43191578
43200546
43211495
43212991
43241253
43244492
43254447
43256234
43277169
43288113
43322513
43349428
43350829
43376421
43378479
43398827
43416669
43434459
43436971
43446163
43453280
43459589
43475162
43488166
43489463
43492143
43513035
43515750
43516231
43521882
43528810
43530027
43539151
43549173
43580971
43585836
43594128
43620544
43641510
43642811
43647305
43659129
43663924
43668026
43675129
43682198
43692344
43693126
43705532
43710938
43713504
43718907
43721167
43754178
43758834
43760120
43760294
43767450
43775781
43776555
43778141
43778556
43795584
43801507
43802718
43806826
43807511
43816755
43821632
43833395
43852626
43857287
43863459
43865108
43875282
43877932
43884449
43887376
43892710
43922904
43941499
43954849
43955201
43961370
43961566
43978496
44006350
44019550
44020466
44021047
44024372
44047074
44047907
44059742
44074132
44080227
44085268
44085635
44096906
44097811
44118423
44125006
44139286
44141326
44150289
44167522
44176826
44177832
44180948
44181691
44195959
44201305
44202488
44205023
44206607
44213621
44224218
44225267
44225904
44242936
44243577
44247279
44248629
44256106
44261529
44261571
44262251
44281693
44283264
44288075
44315542
44317281
44333097
44337026
44338713
44353656
44359094
44361278
44373737
44382093
44387300
44392823
44397274
44430069
44462975
44466056
44485132
44493745
44495925
44507819
44510155
44526266
44530226
44530655
44535520
44536393
44545222
44550184
44554291
44554299
44567072
44607877
44611490
44623562
44624740
44650263
44664916
44665130
44695650
44699277
44706270
44706944
44717802
44727886
44729722
44732679
44742481
44746486
44760265
44768823
44775764
44811118
44823656
44854103
44876425
44882393
44896965
44904673
44908829
44915156
44931149
44937277
44938921
44948120
44954679
44965584
44967358
44968534
44981393
44997084
45004211
45014356
45019135
45052135
45058846
45064002
45066377
45068876
45094638
45097383
45103826
45104640
45105898
45110144
45119701
45120820
45124075
45141522
45144733
45174128
45184716
45196152
45207371
45210101
45232141
45235290
45237791
45238900
45267190
45275745
45285682
45290032
45291324
45294640
45297000
45318271
45321133
45326583
45336193
45342632
45347498
45369373
45380329
45405037
45409260
45466775
45468395
45480757
45483990
45488590
45492804
45497146
45523530
45534656
45544741
45548637
45551531
45561323
45578880
45579590
45583930
45587130
45607990
45626448
45626813
45651659
45671121
45675548
45675949
45681100
45730460
45746531
45762519
45776879
45789710
45790675
45803854
45808012
45817695
45831059
45834419
45837833
45854459
45870419
45875936
45883947
45884316
45885465
45886131
45886295
45912489
45917408
45920858
45927277
45929101
45934086
45937988
45950724
45954615
45968074
45968259
46002083
46009624
46015996
46018868
46021753
46025957
46033245
46033850
46040002
46047317
46050400
46054096
46069686
46072876
46077844
46090316
46097229
46097627
46097883
46124253
46134954
46138378
46140261
46147450
46158559
46160867
46169304
46174791
46176198
46208693
46222039
46223718
46226595
46240016
46243958
46246088
46250447
46263158
46266809
46275893
46287989
46292769
46309388
46310016
46310507
46329901
46331175
46332625
46356264
46366560
46383303
46387378
46389562
46389836
46396661
46397188
46405879
46411802
46414475
46415352
46428169
46431941
46445704
46453329
46457511
46466932
46470200
46491880
46508597
46527549
46529952
46531755
46539041
46556923
46586586
46588585
46589360
46619492
46636494
46642998
46650491
46654045
46656286
46662940
46669017
46670578
46678506
46682668
46692545
46697067
46706075
46712921
46719734
46720421
46721690
46729614
46740137
46745070
46763270
46771793
46775650
46804369
46807607
46809367
46814152
46829450
46831212
46837097
46852745
46859181
46862894
46867580
46873196
46894297
46900788
46918554
46926458
46952389
46980991
46983469
46993053
47005657
47008988
47009971
47018361
47030153
47034461
47041370
47049764
47070192
47095707
47096176
47106283
47107405
47110366
47117915
47122868
47133735
47150217
47153134
47153764
47155690
47170140
47193401
47198074
47227379
47242268
47263897
47265955
47272530
47277077
47285122
47288278
47289072
47290034
47300570
47316355
47320101
47342348
47361189
47377285
47382738
47397561
47410766
47436079
47458513
47460113
47466852
47471859
47475411
47481531
47488107
47498312
47498667
47506164
47523635
47533810
47537279
47541766
47544669
47546305
47550800
47556090
47556739
47562427
47564352
47575987
47583634
47591849
47592489
47601125
47601198
47605504
47608791
47613076
47613347
47631074
47638247
47658452
47661025
47674081
47697632
47701934
47735303
47735889
47736507
47738959
47752294
47757344
47771376
47777032
47777747
47778294
47788151
47802870
47805443
47814784
47831171
47838984
47841846
47847955
47849555
47864818
47869416
47880415
47894946
47905060
47912790
47913819
47918601
47919070
47920033
47921086
47938637
47951583
47954426
47964988
47965252
47975311
47977137
47993321
48004271
48010524
48013872
48026739
48035389
48037136
48038281
48041318
48043081
48055537
48064053
48072803
48090411
48112390
48112926
48118174
48127079
48137254
48137985
48138316
48152434
48155044
48180571
48181375
48186504
48193826
48199870
48208719
48223006
48223320
48231286
48250537
48256827
48258836
48276696
48294869
48299145
48306795
48307079
48309291
48312168
48316813
48317418
48335561
48336120
48349669
48354070
48357178
48363447
48365910
48371691
48374195
48379119
48409228
48415056
48428547
48453477
48454661
48461326
48494121
48501160
48507843
48518414
48531514
48546233
48546940
48562680
48578232
48617804
48649076
48653765
48664292
48674542
48680015
48705894
48714370
48718238
48729459
48740510
48753898
48757239
48778811
48786857
48790493
48800607
48811847
48813013
48833318
48836331
48838208
48840513
48842232
48926838
48937026
48949324
48952583
48957149
48961688
48961879
48969008
48976115
48976805
48984922
48988222
48992915
49016033
49029320
49044258
49044731
49047249
49048013
49048188
49068709
49069718
49076612
49080056
49080682
49093501
49104907
49109548
49112885
49118169
49129387
49133851
49135134
49164307
49172823
49178182
49181434
49182532
49196747
49200918
49211789
49253975
49261294
49266557
49268749
49272589
49277987
49300103
49301236
49307201
49308277
49312408
49316831
49357138
49370465
49377783
49379368
49385130
49394943
49401813
49408082
49413282
49413680
49421323
49452330
49468558
49471384
49471920
49477218
49477342
49485994
49500367
49501638
49542322
49549734
49551073
49568839
49575192
49575387
49576323
49581836
49599824
49604676
49613167
49626057
49633430
49638831
49643562
49651442
49654656
49666227
49671866
49673617
49684004
49684401
49688529
49688883
49691494
49697083
49732366
49739778
49741949
49748591
49756769
49777655
49801035
49801225
49803626
49812642
49820026
49834424
49836294
49846792
49847992
49848382
49868818
49871371
49879793
49888215
49890441
49903048
49908985
49914533
49921853
49923523
49924227
49927675
49959947
49961675
49967106
49975577
49977591
49978197
49984847
49996019
50000675
50009594
50021945
50034521
50036941
50042627
50059130
50071837
50086243
50091010
50095612
50105379
50114958
50132421
50134609
50135298
50138031
50140378
50151652
50156011
50160451
50163136
50173734
50181882
50189252
50207639
50211407
50235545
50247140
50251474
50273513
50280761
50288393
50293039
50294701
50297842
50307209
50318557
50337883
50342699
50344074
50345320
50373769
50377357
50395806
50396981
50405853
50414905
50432881
50436402
50450762
50454704
50460541
50465780
50471827
50485112
50493046
50494657
50502123
50503264
50530283
50534538
50534639
50539708
50540994
50541245
50543923
50544620
50558197
50583155
50591610
50596312
50605390
50614260
50623148
50636061
50640693
50641340
50644434
50657645
50666982
50669770
50674166
50678733
50684034
50686058
50689621
50694179
50702671
50703028
50708966
50714734
50718356
50719745
50723073
50737200
50737234
50757782
50760034
50762520
50771761
50794952
50795663
50805705
50810813
50812969
50825437
50830872
50831655
50836067
50841899
50842479
50852311
50864165
50869334
50871682
50879916
50880023
50881114
50898305
50899290
50902321
50907205
50912605
50925289
50927740
50947130
50952836
50956210
50958235
50977741
50984185
50996368
50997594
51016764
51019694
51020165
51021445
51040493
51046761
51054655
51054849
51062380
51063715
51081535
51094897
51107520
51115231
51121264
51123880
51125683
51131231
51162765
51163125
51164138
51173370
51199415
51236711
51244391
51257020
51262509
51267860
51284932
51286690
51289778
51300812
51305042
51307111
51317636
51318353
51319311
51321504
51356787
51362877
51387459
51416602
51437994
51442408
51443730
51451251
51453004
51462322
51463697
51477830
51488841
51494042
51509989
51534521
51537987
51545547
51550726
51555745
51556514
51559916
51561641
51566700
51575879
51578185
51593945
51595982
51601347
51607520
51612091
51622238
51625193
51626612
51626721
51635594
51641010
51641841
51684573
51704398
51741715
51753416
51761008
51774502
51774874
51804922
51808342
51810757
51834421
51845650
51853906
51857972
51893735
51918612
51918757
51932573
51949182
51957998
51971483
51981178
51988616
51998282
52002927
52023951
52033706
52063002
52076048
52082934
52088361
52091352
52092555
52094900
52102373
52118024
52118869
52131195
52139533
52149174
52153760
52157722
52158015
52159021
52167671
52176373
52186421
52199880
52222276
52232080
52240517
52245250
52252610
52253665
52256935
52277792
52280439
52289400
52293399
52296415
52296949
52311191
52317493
52331497
52331745
52338555
52352266
52352318
52356615
52364512
52366368
52366448
52396652
52404119
52411076
52414266
52450073
52450281
52456181
52457115
52508916
52516551
52520071
52525436
52530174
52538431
52556066
52558896
52561975
52569180
52591329
52592453
52606532
52623868
52630008
52632410
52643664
52645764
52663629
52690211
52700904
52703627
52707798
52708564
52733716
52750185
52751186
52755810
52764179
52765518
52768164
52785425
52787244
52789286
52791528
52791686
52791787
52800581
52802489
52812171
52812234
52817936
52818255
52830844
52832852
52835545
52843463
52870504
52888424
52893117
52898332
52899001
52903497
52906672
52906964
52915914
52929385
52931514
52934338
52961667
52967583
52969430
52994819
53019382
53023274
53023821
53036668
53042889
53045199
53046880
53052370
53065198
53069569
53072663
53075506
53086147
53097184
53107157
53114322
53115366
53130661
53139469
53159811
53185479
53209306
53213617
53214045
53216644
53219221
53224664
53227286
53232281
53235853
53241524
53242112
53246451
53267600
53268255
53292320
53315785
53339922
53340457
53349377
53351355
53361024
53379267
53387040
53391907
53418578
53441026
53445546
53449090
53462980
53477046
53481187
53482844
53500402
53503801
53506024
53523733
53557473
53563982
53565898
53572410
53585526
53592222
53597576
53604063
53615867
53625417
53633430
53642188
53648415
53672981
53692119
53696725
53730852
53740202
53744209
53761400
53775061
53789992
53794403
53801980
53858524
53863509
53870989
53873292
53875386
53894221
53896492
53898007
53899846
53923002
53927157
53931011
53937107
53947889
53964522
53968556
53976990
53979518
53988629
53988930
54005658
54034984
54039907
54040294
54049336
54053577
54059933
54066689
54070013
54087861
54094727
54112682
54113960
54115417
54133037
54135065
54142755
54143998
54146514
54146736
54160804
54171312
54176584
54191089
54196790
54201732
54210141
54223069
54234817
54256299
54258953
54259864
54267060
54280153
54281057
54291755
54301654
54332694
54341481
54345252
54350573
54353521
54354681
54359672
54374860
54377166
54382249
54397405
54398993
54407869
54411581
54427870
54432059
54436316
54450284
54451906
54453839
54458720
54459142
54470895
54472837
54489145
54491980
54494093
54507910
54529786
54532089
54532662
54538316
54543123
54548995
54549436
54550458
54551593
54565109
54573772
54580196
54582767
54600875
54635058
54636701
54637516
54656617
54658129
54665884
54672391
54688160
54707593
54719623
54722279
54728899
54730344
54746201
54752428
54756261
54764417
54768585
54774217
54778014
54779367
54780744
54789087
54795434
54813905
54828300
54828321
54838517
54847241
54850749
54858853
54867059
54880236
54885529
54902224
54916241
54919889
54945528
54991089
55008885
55009510
55012202
55024988
55025601
55086660
55107968
55124577
55130542
55149508
55152140
55161064
55162402
55163363
55179568
55188023
55196591
55205118
55209452
55247624
55250111
55265455
55277459
55290286
55327736
55333188
55333572
55336932
55338974
55355020
55359378
55360845
55371382
55415177
55421347
55438004
55439947
55440032
55448516
55464952
55466302
55474069
55479756
55483318
55491455
55515680
55583591
55614325
55616597
55645298
55652115
55674675
55692513
55698884
55703474
55733767
55738278
55738862
55762379
55763085
55782019
55828661
55830665
55846826
55871267
55871631
55879724
55879733
55895762
55896047
55911003
55918742
55927407
55931583
55936621
55943903
55950120
55967248
55967723
55969982
55972871
55975694
55984870
55987365
55993904
56008317
56018155
56027776
56029097
56031657
56051041
56074581
56076786
56077416
56079957
56085650
56112706
56115816
56115920
56116198
56118065
56121730
56145753
56151218
56151797
56160562
56182658
56212536
56216174
56225597
56232856
56234778
56246310
56254822
56260786
56262034
56262230
56273529
56280307
56288911
56289282
56305717
56322867
56324254
56330192
56340322
56340478
56352271
56368298
56399614
56416268
56422102
56438857
56441622
56485882
56491370
56494002
56497696
56502643
56506042
56515828
56519754
56521354
56521701
56532590
56540434
56547956
56555394
56563943
56567489
56572179
56596927
56599658
56609878
56614189
56622491
56639807
56643737
56662666
56674747
56687573
56691025
56702032
56728310
56730786
56737224
56760917
56763820
56764827
56777379
56783998
56793992
56807436
56817955
56828594
56833333
56850368
56855872
56871270
56874415
56875325
56891960
56892223
56903334
56929903
56935442
56948567
56968372
56970562
56978239
56996393
57007060
57022119
57022176
57028864
57030737
57036691
57039547
57047615
57060670
57061460
57061934
57068657
57075241
57078283
57078415
57082024
57095805
57108903
57118637
57124106
57125767
57128781
57136086
57140084
57154119
57156322
57158858
57162412
57179932
57189371
57194207
57221271
57228201
57244793
57250161
57271399
57273839
57279612
57280759
57283472
57285172
57303745
57316292
57319755
57323699
57324225
57326792
57329842
57340768
57340993
57353227
57382604
57384880
57386479
57408514
57416903
57418227
57421263
57426985
57439395
57467358
57501400
57509801
57512099
57516805
57521633
57523080
57524680
57539325
57540215
57540443
57548364
57553291
57564235
57564962
57571432
57577420
57587548
57597096
57611970
57612302
57622725
57624535
57627136
57629565
57648065
57675842
57675957
57678881
57679530
57682246
57683984
57687886
57690030
57712715
57717733
57724399
57730669
57746382
57752441
57779102
57781583
57787674
57794409
57795290
57816027
57830908
57831013
57831083
57857977
57866871
57876084
57882915
57892367
57893853
57898392
57925010
57930591
57942825
57950613
57957568
57971504
58016362
58021246
58034490
58046381
58052807
58055046
58057662
58060870
58063625
58085194
58088438
58125964
58136494
58153180
58159323
58160008
58163246
58194043
58194651
58194951
58203472
58205187
58209916
58251836
58260128
58277400
58285782
58290553
58300370
58306805
58312169
58318864
58333574
58334591
58335560
58335814
58345768
58347591
58349872
58362140
58380908
58386980
58387425
58392462
58405728
58405764
58405846
58414330
58432938
58435611
58449548
58453218
58461278
58474942
58480199
58483218
58483479
58494153
58495515
58521808
58523997
58543905
58549197
58557364
58560843
58563630
58570168
58573829
58577071
58577999
58583772
58587957
58599881
58600764
58605353
58613890
58617280
58620834
58624980
58648290
58659934
58660395
58661796
58665014
58689701
58711231
58722886
58731939
58745329
58769307
58774711
58779126
58780351
58791560
58821889
58829127
58831054
58850534
58859022
58882800
58885491
58898988
58903297
58908066
58929486
58930417
58940787
58967644
58973212
58994588
58995675
58999208
59000945
59018639
59021896
59024039
59032087
59032257
59051106
59077608
59081630
59086506
59105974
59107587
59116444
59116585
59125601
59148899
59149608
59172877
59173840
59174604
59175476
59175806
59176284
59178745
59179607
59193451
59201552
59204485
59213433
59215289
59224212
59229715
59235416
59236174
59245285
59246309
59252799
59265421
59270258
59277276
59291158
59294363
59307221
59311633
59339024
59361929
59374629
59375836
59386682
59389294
59391459
59416745
59430471
59433244
59439353
59439791
59459803
59461523
59465362
59469210
59474666
59481546
59487207
59489164
59502600
59532597
59537731
59564484
59571257
59574951
59580838
59595610
59601307
59601822
59611740
59624243
59626006
59636890
59643577
59645655
59647624
59648915
59651116
59672728
59674737
59681281
59694548
59702909
59714341
59723813
59731238
59737398
59748181
59752976
59763735
59778011
59782863
59787833
59798247
59805626
59826861
59828885
59844032
59854361
59863358
59868325
59879046
59882413
59955126
59958748
59972527
59974902
59978425
59979792
59983131
59983395
59985328
60007491
60032528
60042895
60050016
60066609
60076440
60095425
60098388
60128444
60134312
60135152
60160204
60164554
60171866
60177899
60183673
60184515
60184673
60185202
60189594
60195290
60213039
60215945
60217814
60218166
60225956
60232125
60259449
60261541
60269770
60281223
60286664
60291416
60301454
60302883
60319082
60321605
60327820
60330678
60333449
60343302
60344520
60355739
60400856
60406189
60417443
60423690
60424996
60425154
60428381
60433563
60460748
60470893
60479260
60483221
60484523
60491024
60494793
60498594
60509510
60516619
60531637
60547725
60551336
60554068
60556723
60556999
60569167
60572963
60582993
60586926
60589431
60596087
60603761
60647315
60651443
60651859
60652224
60660077
60662595
60667849
60672670
60681241
60690288
60691219
60696724
60711022
60712679
60721055
60721842
60727981
60732905
60737881
60745339
60745360
60752141
60753301
60757271
60757989
60761301
60769103
60770064
60778935
60791848
60838586
60841409
60849983
60852978
60858248
60858788
60878575
60881295
60889885
60890318
60916857
60937463
60949095
60958817
60965035
60965824
60966403
60972453
60980402
60988888
60991538
61003162
61007771
61010118
61017065
61025759
61050699
61056714
61063459
61063676
61066299
61067308
61069600
61079845
61088237
61092523
61093381
61096475
61098189
61121429
61131142
61132535
61140321
61145240
61152108
61171432
61173218
61174979
61188960
61208980
61212789
61216844
61221909
61223518
61229710
61230620
61238640
61243850
61257988
61261267
61293208
61303620
61314139
61314648
61317341
61324604
61325828
61330242
61354003
61355097
61357572
61377566
61379400
61386606
61387942
61402112
61403023
61412714
61423891
61431026
61432346
61440314
61443836
61451762
61456243
61459830
61462646
61465474
61467351
61468717
61516633
61523766
61526389
61527971
61530913
61535533
61536226
61537389
61543447
61544408
61544550
61559009
61576869
61577827
61599706
61600145
61608444
61609305
61612153
61613796
61629834
61638637
61639273
61653591
61656053
61656356
61660431
61661528
61673019
61674981
61676812
61700247
61709553
61714512
61740056
61750761
61753614
61759338
61761142
61767171
61776703
61793440
61794992
61796015
61803342
61815018
61824587
61886450
61888670
61889762
61892007
61894149
61917363
61925969
61945102
61958542
61966639
61973843
61982258
61984056
61989363
61995613
61996933
61999225
62008930
62025144
62039085
62043783
62052339
62063236
62071708
62074273
62076682
62089415
62107416
62114172
62116491
62129957
62130696
62134311
62152137
62157714
62165158
62167048
62170376
62187047
62192645
62200052
62208556
62213716
62232680
62237670
62238558
62269103
62272610
62289538
62299499
62341725
62353569
62386174
62387524
62387941
62392386
62410153
62433759
62440070
62455603
62457930
62464293
62464909
62469395
62497124
62563741
62566774
62571985
62581741
62585531
62606422
62609362
62615020
62618692
62626240
62627755
62637881
62655781
62662333
62676484
62679865
62690552
62695477
62705206
62708877
62712961
62723974
62741869
62756970
62758460
62761137
62767111
62802979
62806957
62811587
62818092
62819611
62822217
62827874
62836348
62860679
62874929
62917001
62919752
62925974
62936307
62940765
62947785
62960306
62963488
62965560
62973954
62988138
62990241
63019076
63021728
63022818
63038117
63038440
63039013
63044479
63055780
63065073
63070636
63074790
63084165
63102160
63130883
63139158
63141622
63147378
63180130
63214944
63229841
63230330
63231667
63240461
63258797
63259285
63264527
63270503
63270892
63276140
63292424
63300683
63302541
63309900
63314937
63325010
63328522
63331497
63345916
63367683
63384871
63393134
63394383
63395054
63400972
63403181
63404775
63408148
63413531
63417630
63426305
63437916
63462404
63477061
63482813
63489510
63500473
63501545
63506283
63514456
63517153
63518756
63534378
63535514
63535567
63558710
63560143
63579337
63580704
63584077
63584258
63585923
63595236
63645352
63645763
63653951
63659732
63677137
63688394
63692594
63701690
63721485
63722016
63739838
63763737
63776409
63783083
63791013
63801151
63801899
63806883
63809643
63817260
63817348
63823028
63830418
63830779
63858015
63873811
63875533
63877586
63883763
63885065
63905227
63905708
63911859
63912403
63937946
63956192
63958656
63971989
63984456
63984494
64002081
64003822
64004393
64005745
64020706
64023428
64058981
64086685
64107045
64143325
64144487
64149655
64156367
64159027
64162652
64173486
64178765
64194180
64196488
64196849
64198421
64210195
64216555
64225018
64245115
64249920
64255590
64260428
64266076
64281301
64292966
64298100
64313055
64313873
64314980
64315851
64327450
64329188
64335695
64336045
64339907
64351771
64372603
64374600
64376793
64380289
64382223
64405358
64430473
64439269
64472047
64483574
64488460
64490994
64511743
64534253
64547738
64551998
64558065
64575481
64580073
64580907
64582072
64582426
64587081
64609793
64614763
64630892
64646277
64647770
64652899
64662260
64663591
64672883
64677421
64684298
64715893
64724565
64727425
64751015
64762667
64763402
64784861
64785567
64802100
64819518
64836866
64842750
64851070
64857268
64861993
64862561
64869904
64873600
64876733
64878920
64886194
64890076
64901180
64904188
64909248
64909415
64911789
64913821
64923287
64925619
64936268
64938584
64944784
64947757
64947795
64962098
64967456
64969097
64977579
64980423
64988132
65000469
65009139
65017073
65020952
65022859
65026607
65031426
65045607
65049255
65049590
65049711
65049995
65055315
65063853
65076963
65105769
65126283
65153426
65159286
65170423
65171769
65172454
65197954
65208987
65211917
65224713
65235234
65257156
65259368
65262136
65262616
65267630
65269310
65272621
65283722
65318568
65322781
65328974
65357465
65359202
65362145
65364644
65371234
65384559
65391284
65411104
65411687
65419506
65432672
65442749
65453751
65472611
65482282
65485495
65499587
65500307
65506013
65510315
65512340
65512395
65516454
65534464
65549486
65561674
65568733
65572916
65574721
65576814
65599946
65607026
65636230
65638168
65643286
65692012
65692343
65705221
65709908
65715174
65716879
65733517
65735099
65739623
65753892
65762123
65776298
65779097
65784801
65793516
65794191
65798296
65803344
65805120
65814027
65826766
65829341
65829690
65832716
65860960
65879867
65881009
65885521
65888782
65889752
65906534
65912293
65959633
65960864
65964730
65964899
65978287
65982387
65988062
65988566
66011772
66014434
66025073
66034031
66038419
66049865
66060918
66065341
66068090
66068838
66075017
66076105
66076206
66083794
66084080
66088102
66093389
66100862
66107320
66126064
66128936
66132018
66169429
66172357
66185320
66189527
66212945
66215480
66220509
66221667
66228744
66231982
66234196
66238808
66241881
66256368
66258444
66260024
66265352
66265773
66275683
66297446
66302727
66310711
66314871
66318135
66322135
66327559
66328685
66331873
66331929
66344547
66367000
66367882
66370949
66378504
66379059
66380288
66403763
66411955
66417814
66420086
66440484
66443224
66448132
66452704
66484313
66536676
66564306
66569169
66594096
66594567
66595283
66601311
66601611
66609913
66630897
66640608
66640825
66646963
66653769
66672065
66674189
66675172
66675842
66687195
66688209
66692874
66705751
66707775
66729770
66732945
66742877
66750098
66754825
66778199
66780362
66796303
66801643
66806416
66825289
66842512
66844530
66849818
66859076
66859283
66863217
66863473
66871552
66892220
66893304
66917381
66921295
66921579
66932133
66941298
66954127
66955896
66982951
67000327
67018655
67020000
67032352
67033530
67035878
67037646
67047426
67051558
67056866
67059526
67063555
67093411
67093646
67102863
67107311
67117315
67120213
67135625
67152690
67160275
67167272
67167498
67171015
67177860
67178909
67179913
67190685
67192443
67198773
67200016
67201352
67222407
67223357
67225543
67231697
67256360
67271548
67283110
67287527
67293194
67310805
67334148
67348940
67356561
67370908
67373677
67387468
67395820
67397928
67407190
67410824
67428079
67447671
67452367
67455019
67455519
67455668
67464527
67473141
67485070
67489427
67489739
67494018
67494494
67498437
67535529
67544433
67570651
67594304
67604937
67617146
67631567
67658377
67663459
67691751
67731408
67737062
67739463
67749756
67751874
67752875
67753586
67758309
67774460
67786800
67793468
67797334
67806819
67807982
67824330
67834085
67851244
67865085
67871292
67871445
67899121
67908910
67921735
67922356
67922470
67924271
67943963
67944501
67954017
67972931
67976267
67982635
67994340
68012810
68029633
68029909
68031541
68041221
68043495
68055952
68058452
68078826
68096828
68099728
68127572
68148743
68158718
68161466
68168123
68178180
68179250
68207326
68211999
68227085
68243433
68269198
68303884
68330827
68337427
68346289
68352299
68360817
68366822
68387394
68394262
68395252
68397791
68410567
68425725
68426180
68430132
68432948
68434507
68447832
68448845
68449165
68450675
68450700
68458523
68459932
68467848
68486060
68490989
68494075
68497035
68502908
68505219
68505334
68527790
68529724
68529789
68536282
68540440
68554619
68558122
68577963
68581320
68584784
68586594
68588189
68589746
68603869
68608511
68612727
68619043
68630282
68632763
68638614
68645036
68651733
68653920
68680064
68699812
68703443
68706308
68720834
68736837
68742792
68759095
68771942
68781078
68790187
68804763
68816827
68825167
68847962
68858570
68874264
68879180
68896473
68897991
68919628
68919900
68929772
68937767
68947407
68955132
68966254
68994659
68998143
69002371
69023278
69024512
69029613
69035787
69043043
69053955
69069719
69071085
69084445
69086799
69099445
69102647
69106914
69120378
69121081
69128710
69157937
69165975
69173179
69173630
69189411
69211139
69213437
69216671
69233809
69240143
69261266
69264280
69265338
69265915
69267532
69268258
69269240
69269618
69281344
69311072
69314163
69317107
69327540
69330577
69342571
69344076
69348677
69364690
69369902
69388191
69392692
69401779
69402846
69408871
69420726
69443738
69450047
69462266
69464733
69475333
69485643
69487050
69510350
69513333
69526283
69534696
69540222
69553457
69558605
69571866
69576602
69594696
69606113
69606894
69606971
69612886
69616632
69618841
69620044
69622967
69625779
69634769
69665607
69685812
69716194
69717647
69740881
69753873
69758221
69759719
69761637
69766002
69767735
69768626
69769552
69771272
69771381
69777640
69788320
69801245
69807339
69813042
69823358
69851810
69857714
69860587
69862297
69866829
69873792
69877491
69914595
69917540
69931678
69936016
69936325
69939972
69940687
69946517
69968345
69996015
70004223
70006881
70009228
70010889
70019203
70021327
70043759
70053791
70054025
70058501
70070762
70074206
70079352
70080423
70100872
70114531
70120734
70122238
70129632
70134416
70147614
70151354
70151742
70158033
70189168
70190880
70202874
70208918
70237233
70248506
70257563
70261353
70282477
70296475
70296584
70311926
70326835
70350438
70353637
70356124
70356702
70358864
70361711
70362010
70362081
70374712
70377152
70381249
70389737
70397040
70397048
70407818
70414882
70417335
70426047
70438975
70450479
70455171
70496050
70499308
70506740
70520247
70533608
70533823
70534118
70535963
70537326
70541360
70541872
70569881
70589689
70602230
70605282
70625577
70635534
70638318
70663752
70669426
70697920
70703215
70706284
70720156
70730508
70744224
70759817
70778919
70788347
70799266
70808949
70817820
70828592
70832182
70906015
70919123
70923838
70940825
70962153
70965086
70984694
70991561
70992175
70995384
71017294
71021403
71039605
71039916
71046855
71050094
71056670
71059418
71067949
71069125
71074955
71079649
71082252
71084062
71084086
71093968
71095105
71103502
71116247
71116304
71125961
71130810
71137944
71140493
71145475
71154123
71158316
71197604
71198543
71212879
71220494
71221376
71239129
71242673
71243659
71258517
71259149
71267524
71281646
71283439
71287515
71300896
71304646
71307615
71307826
71319212
71331490
71339554
71342987
71357820
71368642
71369210
71375657
71394793
71402295
71416045
71423865
71427927
71432014
71451237
71453743
71455990
71468660
71484184
71494875
71497304
71505452
71506643
71508574
71513746
71519322
71522361
71530212
71537193
71540953
71558083
71581800
71597483
71626936
71637992
71661903
71667565
71672479
71687007
71700109
71719989
71752786
71754598
71776647
71782992
71793539
71799219
71819191
71822229
71827050
71832111
71857802
71861517
71892451
71904382
71909806
71914267
71919667
71924097
71925795
71931499
71936521
71941670
71949170
71959245
71962012
71978037
71984725
71996040
72014231
72018230
72020163
72038407
72078443
72080617
72093198
72098513
72111856
72111939
72118850
72120733
72134533
72140940
72143533
72161571
72166433
72192353
72222727
72262897
72264653
72276620
72299419
72329036
72332595
72377386
72390294
72390468
72391230
72399114
72404040
72414587
72421109
72422475
72428104
72429651
72447393
72495146
72503846
72516461
72526621
72527113
72531207
72548189
72554610
72559760
72570299
72573783
72594637
72596878
72602323
72602813
72604844
72612661
72622230
72623267
72627378
72630799
72632677
72645880
72654723
72674004
72690884
72694348
72706895
72728285
72729561
72745438
72751109
72752388
72763279
72777097
72791952
72811054
72817805
72818064
72821919
72825846
72837627
72839743
72858272
72858482
72858700
72862384
72873977
72874419
72885565
72906614
72908585
72918433
72921310
72921355
72928419
72955720
72957314
72960108
72971947
72983302
72999113
73000419
73009160
73014760
73032437
73038151
73046698
73052591
73068217
73068458
73071068
73079137
73086061
73086324
73090407
73129356
73144046
73173020
73187915
73188187
73194427
73200705
73218842
73220680
73224081
73224551
73243090
73246678
73249678
73267993
73270780
73275217
73279674
73280459
73281655
73285677
73288113
73295271
73300943
73321696
73342646
73354162
73401208
73404122
73406194
73415832
73431459
73433649
73435167
73453990
73460825
73467104
73484911
73491042
73493465
73501941
73503797
73520414
73523349
73527403
73527745
73531739
73531891
73536385
73540159
73544560
73553827
73556472
73576840
73580537
73580613
73580628
73586020
73592840
73599772
73601392
73619108
73628206
73636899
73661571
73663897
73668133
73678615
73687418
73717834
73727275
73731571
73737420
73737628
73744361
73748984
73766464
73767408
73781971
73791382
73808203
73864091
73875970
73881958
73895349
73903080
73908701
73911351
73915144
73926786
73945133
73965967
73968100
73968574
73971655
73972420
73974225
73985742
73991775
74006212
74010298
74017886
74023602
74027656
74032783
74045038
74057457
74073043
74077790
74081344
74099812
74105767
74107253
74125978
74129555
74144922
74153234
74155079
74158325
74161089
74185589
74192249
74198527
74211633
74217210
74232259
74246368
74253715
74255321
74257979
74291230
74295331
74300006
74301919
74308295
74323411
74325995
74347848
74368368
74382822
74383720
74389237
74393207
74395365
74398756
74422819
74426029
74433401
74450984
74455400
74465445
74468572
74469602
74492505
74492905
74549580
74560301
74571416
74573483
74584951
74585014
74587036
74588738
74599149
74607565
74609319
74612887
74625376
74634124
74635139
74638882
74647367
74658945
74668260
74708164
74716174
74719978
74723434
74726764
74732750
74751797
74755434
74757976
74758659
74759242
74761909
74767715
74777462
74782080
74787769
74792946
74793259
74796276
74801007
74806615
74810596
74821020
74841270
74846491
74847832
74850881
74861305
74862697
74862766
74865499
74874974
74877689
74920469
74937572
74956629
74957444
74960087
74960653
74964629
74971111
74993470
75001480
75023064
75040550
75045776
75046814
75046998
75055425
75086072
75100330
75101457
75105721
75109005
75113929
75128013
75131783
75135183
75147165
75152549
75156344
75177470
75181956
75190935
75197997
75200041
75202567
75207332
75210471
75219241
75223551
75232811
75248430
75250287
75272254
75275140
75289105
75289705
75294202
75304898
75320819
75334262
75346786
75348453
75363332
75364547
75369054
75373679
75386877
75387412
75387481
75400925
75415692
75419178
75456874
75471428
75482748
75484515
75502855
75503780
75507041
75509726
75516130
75534450
75536717
75540075
75540782
75593523
75601637
75603073
75607986
75642861
75645780
75670628
75679136
75690591
75700399
75710638
75719313
75727854
75733709
75742541
75757125
75780638
75784755
75799945
75810576
75814000
75814688
75819675
75851804
75868687
75882304
75883699
75887116
75891514
75895976
75919423
75922619
75925058
75949285
75953789
75954128
75956127
75957134
75960067
75968424
75971843
75974479
75978683
75982762
75985692
75989414
75991350
76015641
76046169
76060562
76062255
76082219
76090977
76095790
76106919
76108926
76125884
76145567
76147408
76150829
76187482
76190251
76191376
76201142
76226431
76234309
76236658
76242456
76251890
76258206
76262741
76265999
76283694
76291033
76293968
76304492
76311533
76316676
76320046
76335927
76337453
76337842
76338752
76349384
76359584
76361084
76365224
76381060
76384840
76396595
76402139
76428652
76435167
76437839
76442009
76442973
76445681
76460115
76461982
76463668
76468589
76475393
76493444
76494544
76504292
76513071
76513929
76524388
76538441
76545415
76547813
76574421
76575555
76598131
76605229
76624547
76692328
76707230
76722943
76722992
76742486
76749996
76759153
76765685
76774315
76789808
76817473
76818526
76826723
76846535
76850431
76868933
76874271
76887644
76887902
76896529
76907987
76908071
76913477
76935240
76937503
76953997
76971493
76993884
76993952
76995286
76995977
77003924
77008272
77024012
77028839
77029228
77034906
77036358
77045407
77080111
77089830
77103676
77108057
77108627
77123386
77130752
77144144
77150884
77152643
77161606
77162580
77177027
77182041
77190330
77190359
77199095
77205547
77207912
77211443
77213476
77226917
77232413
77234898
77236776
77243550
77252064
77278713
77280168
77281154
77285161
77313066
77321867
77322818
77331757
77348796
77353774
77365965
77389179
77389845
77396958
77416931
77419313
77419942
77440680
77456274
77456955
77460211
77463765
77473199
77481872
77495984
77519903
77542975
77578766
77596369
77597026
77612046
77634109
77641372
77643869
77643970
77646893
77647652
77661982
77668365
77670151
77691644
77692164
77718219
77721126
77724516
77726053
77733700
77744987
77746092
77750917
77782206
77787122
77790720
77806008
77820577
77829740
77830458
77844456
77847674
77850006
77850477
77866814
77896446
77911422
77914839
77942234
77959645
78002864
78010158
78014380
78023916
78028419
78029545
78034409
78043692
78051586
78059890
78062674
78065576
78102267
78105503
78106940
78114761
78118230
78125297
78125673
78132358
78136785
78140837
78153446
78158347
78160618
78173534
78175391
78184458
78209738
78217693
78217981
78241260
78244536
78261701
78267025
78282113
78283212
78283556
78286414
78298347
78303127
78307195
78315312
78336846
78340447
78343409
78349698
78356947
78363078
78370260
78373065
78386459
78409632
78424793
78430872
78458674
78479481
78480139
78488169
78497495
78502745
78502889
78536909
78544862
78549267
78552080
78554695
78569757
78607346
78618759
78621679
78621720
78621806
78643962
78644087
78646712
78654428
78658509
78668733
78677061
78689445
78691743
78705036
78708745
78710395
78713231
78720206
78723278
78727213
78739011
78742826
78751525
78752153
78762714
78772959
78773587
78786997
78792163
78797048
78797150
78802460
78807889
78808553
78811068
78812544
78820211
78828305
78831367
78833231
78840225
78876512
78883778
78888930
78889437
78891804
78917207
78924621
78925843
78926945
78938173
78939565
78955757
78981110
78983717
78996229
78997100
79014238
79014866
79039043
79040931
79055406
79061669
79080337
79081767
79111496
79134098
79134544
79135441
79161024
79172824
79174021
79188178
79191225
79202145
79217300
79223062
79225629
79230057
79230598
79238587
79258943
79259930
79275305
79276693
79283073
79288996
79297304
79308738
79316122
79317601
79321850
79359235
79365735
79383261
79403039
79404748
79434768
79446029
79452708
79454514
79456523
79456901
79457750
79458218
79468365
79472639
79478286
79482878
79506599
79525173
79526953
79529980
79540235
79541631
79545333
79549285
79554435
79559683
79580997
79581879
79588007
79590633
79616911
79621060
79630647
79636028
79638368
79643633
79645543
79647356
79660964
79664111
79669862
79672114
79682770
79688028
79688802
79694350
79695468
79699498
79717308
79718051
79742054
79744921
79753915
79755744
79763107
79769641
79772184
79780898
79783131
79797980
79823803
79832274
79836864
79840919
79852875
79861596
79863319
79865975
79868655
79872358
79886837
79917480
79931841
79939156
79939401
79948198
79955631
79956139
79956799
79956840
79968854
79980095
79984460
79986255
79986560
79994085
80038799
80039768
80046405
80047291
80050519
80056207
80057439
80062558
80072291
80077916
80083519
80089234
80094779
80105164
80114194
80118686
80129455
80134268
80141377
80142583
80148917
80149250
80154280
80157923
80166803
80174090
80183044
80202970
80232310
80235549
80293175
80306909
80317534
80318831
80321346
80335905
80337696
80339186
80377682
80389138
80389168
80396483
80411163
80414228
80426872
80428270
80435105
80451072
80475587
80488162
80495689
80521115
80546210
80561243
80580231
80609108
80610389
80621605
80626225
80631172
80646267
80653768
80663384
80668969
80671590
80676446
80701851
80713730
80719619
80728299
80735675
80752310
80758393
80774113
80786201
80808863
80812316
80827538
80831035
80831743
80846431
80850853
80866404
80875146
80879629
80889876
80895477
80917534
80927986
80938268
80979939
80990126
80998683
81001492
81010324
81015885
81029314
81030080
81034640
81036041
81063639
81070536
81075187
81085058
81087403
81116797
81140916
81141885
81151632
81160618
81180008
81192647
81201398
81207669
81219061
81220525
81222569
81225037
81227882
81246549
81248028
81249972
81256721
81274662
81299105
81306597
81312472
81312938
81317395
81326456
81347560
81348325
81354435
81355327
81361359
81364642
81368684
81377088
81378457
81378959
81381153
81388615
81390908
81394151
81405526
81434651
81435555
81457642
81458268
81464024
81478563
81494256
81513955
81522078
81544635
81544986
81557015
81569548
81579554
81584616
81587598
81588184
81591683
81598921
81631383
81652775
81654404
81658652
81666960
81677762
81689549
81690084
81693305
81702626
81715690
81725506
81731953
81735276
81751808
81776476
81798463
81827071
81831271
81839894
81843523
81853253
81864601
81876921
81879386
81880004
81936850
81939059
81939427
81939610
81945070
81957157
81975441
81979820
81980598
81994038
82024278
82037320
82040284
82042628
82054650
82062521
82064721
82065915
82074550
82079911
82083903
82088429
82099131
82121427
82135307
82163489
82165601
82168243
82187595
82192609
82198362
82201364
82203669
82217567
82223519
82223940
82250318
82267913
82287005
82299952
82311348
82313797
82323400
82356708
82360186
82366982
82391434
82400243
82413138
82414704
82417152
82436155
82440401
82450200
82460426
82468881
82475314
82476041
82486328
82527128
82534783
82535973
82549837
82559909
82562902
82574699
82575997
82578680
82584856
82586032
82599836
82617272
82622315
82627987
82629380
82629615
82637949
82641505
82651121
82661641
82670660
82673781
82701580
82716160
82725640
82727374
82741105
82767335
82772703
82797519
82821510
82838008
82839353
82839461
82839879
82842406
82851094
82862489
82891006
82911657
82912057
82915494
82918659
82949917
82951083
82969420
82970159
82975029
82990553
83001237
83001907
83019205
83028126
83030212
83041774
83046792
83048461
83051409
83056482
83058568
83059288
83061114
83072320
83073663
83079403
83084108
83094763
83097600
83133216
83146990
83153796
83156412
83160101
83169114
83200016
83222729
83229825
83230693
83236035
83242751
83262796
83281586
83284518
83295152
83296260
83298768
83300186
83330910
83360013
83368563
83370911
83378950
83431783
83438131
83449042
83460687
83462572
83468786
83469672
83469818
83477077
83477903
83491566
83500843
83522838
83527632
83528079
83530309
83537668
83541150
83544749
83550384
83560655
83574803
83579940
83583267
83598790
83614988
83621599
83621924
83622533
83624425
83632699
83647390
83659864
83664398
83666388
83671699
83681841
83685665
83686587
83700002
83700953
83702744
83722838
83724952
83755445
83759817
83766434
83768678
83787989
83790274
83791414
83814133
83821033
83824166
83829368
83835964
83847283
83855310
83874939
83876629
83877782
83878142
83885451
83891883
83909328
83913057
83915556
83919720
83928369
83932624
83939172
83952603
83956224
83981020
83982172
83986157
84000627
84006153
84019866
84027824
84035799
84055989
84060457
84066725
84084292
84088422
84100155
84103910
84119456
84141662
84154484
84183623
84193777
84206755
84210567
84215370
84218816
84224343
84230279
84231866
84245060
84252229
84258714
84265142
84269879
84271598
84288002
84303417
84333896
84338517
84356830
84380373
84399240
84403874
84413325
84415286
84416776
84425985
84435171
84442700
84452483
84462848
84465505
84466772
84472797
84476366
84489315
84491998
84494903
84500034
84502059
84509176
84509575
84514531
84517369
84528899
84530788
84547338
84551718
84552709
84556672
84562378
84563115
84566231
84572832
84578336
84599712
84612215
84620128
84620469
84622384
84649348
84650144
84672674
84681809
84685299
84686089
84713400
84730493
84730764
84735927
84742685
84747016
84750245
84758579
84760508
84784231
84789439
84789618
84811250
84822155
84882062
84884579
84896163
84934858
84943062
84953760
84968289
84970302
84989058
84991562
85001048
85007386
85008374
85012111
85018436
85030811
85040513
85052840
85055183
85064452
85087584
85089496
85092276
85104092
85106583
85110057
85120013
85120715
85126679
85128497
85132495
85147913
85157742
85158973
85160122
85167626
85190595
85220419
85221671
85224645
85228100
85247558
85262019
85279777
85297171
85297755
85298008
85302455
85313051
85316126
85329270
85334972
85339858
85342655
85343596
85362942
85371016
85386303
85422088
85428678
85437298
85440522
85441291
85443997
85477628
85489389
85500278
85501278
85509118
85511662
85515756
85519605
85532647
85539838
85550218
85552283
85561820
85562283
85562454
85590234
85598423
85598478
85605730
85657125
85657754
85665656
85674692
85675731
85684764
85694344
85694837
85701571
85708898
85720677
85723902
85730509
85743582
85745744
85749282
85770579
85790364
85795981
85806077
85814174
85814354
85856513
85872447
85872796
85879799
85896706
85897032
85919731
85925885
85929340
85936713
85940585
85962504
85987982
85991688
85995318
86001271
86014079
86035146
86037904
86038986
86068865
86070895
86077018
86086430
86093324
86105693
86114320
86118147
86131510
86146531
86162769
86163090
86189713
86211568
86240332
86242249
86249098
86276390
86294746
86297200
86299897
86301281
86304237
86309082
86335153
86339480
86340205
86348780
86352936
86353014
86362459
86364316
86368359
86370614
86374442
86377017
86380548
86405679
86431478
86432664
86454186
86465049
86476651
86494457
86523101
86530091
86544718
86550237
86558618
86564451
86564834
86576076
86583719
86586351
86589615
86595083
86598062
86607417
86627146
86646219
86681384
86696800
86701857
86720103
86722092
86723863
86725654
86730369
86749822
86754212
86754411
86756470
86760759
86768004
86794355
86800010
86802797
86823095
86850304
86856225
86873116
86884760
86887539
86892725
86895048
86906878
86907131
86919850
86926072
86943829
86945572
86948109
86949364
86949903
86980357
86984982
86987432
86988302
86990352
86993354
87003844
87004109
87007492
87046934
87054259
87061352
87072378
87085395
87106822
87116883
87123811
87128805
87134896
87147985
87162702
87178062
87188157
87206138
87216077
87218063
87236677
87250583
87252871
87260849
87264266
87274765
87289554
87296799
87324318
87332638
87373831
87401915
87421618
87423482
87438142
87440358
87441754
87452261
87452657
87456709
87466307
87468725
87495660
87499876
87505295
87508544
87511968
87514458
87525551
87526455
87531750
87557176
87561522
87562833
87568131
87575855
87599703
87624496
87629248
87632759
87633968
87640746
87641151
87644209
87649263
87660411
87661268
87664165
87675093
87700782
87742777
87744439
87747671
87754614
87767354
87768461
87779938
87782846
87807316
87811221
87811533
87811659
87817389
87818826
87850919
87888193
87898933
87907035
87921202
87925200
87929619
87942296
87951740
87965033
87979253
87995275
88005692
88007638
88008072
88010498
88014907
88016785
88022840
88027562
88043641
88049001
88057199
88074289
88102994
88113276
88119278
88130711
88138958
88150344
88154508
88162650
88165538
88181909
88190093
88195465
88198717
88219480
88226058
88285177
88287212
88294807
88312411
88315842
88349112
88359365
88394591
88398345
88407478
88413082
88457025
88471760
88494122
88509052
88509983
88528658
88537998
88538617
88544879
88548657
88569735
88570689
88583952
88584139
88589244
88589785
88608671
88609436
88621462
88630243
88632380
88647023
88655735
88657297
88661106
88685205
88707988
88715255
88717026
88729144
88745399
88759932
88776717
88780388
88782196
88792128
88810080
88821008
88827991
88833722
88836824
88846793
88853159
88869660
88875485
88889020
88902263
88902736
88910780
88911872
88913924
88924448
88927840
88928127
88932754
88943514
88945153
88953181
88955238
88964170
88991518
89024081
89025066
89040555
89046123
89072108
89082737
89084723
89087926
89095526
89098391
89099101
89110972
89119413
89129410
89129604
89143442
89160027
89163410
89173955
89174164
89174930
89177759
89177854
89205168
89230356
89282799
89283439
89286730
89306209
89306263
89312449
89322030
89338522
89348548
89348643
89349248
89353157
89353476
89371395
89375396
89377103
89377159
89387913
89388661
89397169
89424123
89429628
89432615
89445892
89453939
89464141
89488436
89491086
89496514
89511236
89512345
89536753
89537025
89548865
89561297
89580772
89587636
89594616
89598935
89609884
89618537
89623472
89653530
89656491
89657218
89657717
89663934
89670351
89675336
89675975
89678838
89681175
89688675
89693720
89702025
89709304
89713763
89721382
89740329
89768219
89784525
89790025
89833337
89837120
89843386
89856780
89859623
89860318
89874712
89877374
89888088
89889766
89890237
89890912
89915187
89925800
89927525
89938911
89949521
89950185
89958684
89966124
89966195
89970531
89982099
89986324
89987691
89991243
89998221
89999028
90000002
90017151
90019090
90031696
90045024
90051640
90066983
90079064
90113124
90115939
90122393
90124881
90125648
90144968
90163454
90178419
90179762
90183418
90188750
90201189
90212852
90224120
90231929
90244863
90247194
90255148
90269807
90288534
90289562
90290702
90291612
90298660
90305023
90310894
90311274
90330502
90337398
90340578
90349471
90359163
90381652
90408235
90413965
90419819
90424763
90437345
90444878
90448380
90459865
90488225
90505692
90545287
90556743
90569063
90576465
90583818
90616530
90628730
90633135
90633997
90643626
90656986
90661266
90675838
90727078
90730826
90733831
90751493
90760143
90766189
90767525
90802127
90805064
90808318
90819806
90830259
90842252
90843876
90851014
90857554
90859615
90861944
90881095
90884093
90884481
90902405
90908253
90918780
90924932
90942603
90944724
90951298
90973589
90973962
90982025
90997780
90998343
91029994
91045770
91053975
91066716
91071761
91076832
91082752
91094186
91095018
91125054
91135283
91156068
91180373
91192283
91194607
91205860
91208504
91225883
91235175
91236243
91238207
91242580
91246038
91246460
91248575
91252517
91256927
91259515
91266392
91271159
91272928
91291508
91292010
91304037
91321518
91322109
91343647
91343727
91372191
91379504
91383098
91391084
91396896
91402159
91410954
91412099
91417145
91423175
91428610
91443336
91448979
91454961
91458667
91465165
91465423
91481164
91482422
91490665
91515519
91519764
91536433
91537803
91538669
91552778
91554584
91565149
91568924
91578574
91587845
91600105
91609442
91625486
91627420
91630769
91636808
91649330
91650064
91651132
91661596
91667799
91668110
91676875
91679452
91682404
91694921
91722019
91726589
91744674
91749550
91765436
91769988
91777199
91784324
91787217
91803067
91816347
91827329
91830700
91841717
91845705
91860323
91866181
91867302
91881510
91887764
91890646
91905166
91907234
91910933
91925689
91932830
91934886
91937224
91943530
91945729
91967212
91973177
91977840
91979426
91990766
91992802
92003213
92007481
92055565
92080348
92080547
92081695
92084657
92088508
92108993
92114648
92133715
92142788
92145096
92152739
92152871
92152927
92154927
92171794
92174426
92176390
92176682
92185867
92193721
92195696
92195959
92201036
92201210
92205803
92207111
92208995
92211361
92218489
92232710
92239249
92303693
92304835
92311032
92313211
92316865
92340610
92341751
92343775
92347800
92350529
92351416
92356823
92405964
92415089
92451304
92454778
92459708
92466473
92467888
92483702
92498057
92503154
92503362
92508155
92508955
92509590
92525990
92526386
92528925
92531472
92535628
92569717
92581721
92582517
92620177
92640371
92640782
92644196
92673788
92679632
92684481
92694177
92704268
92707097
92713708
92716608
92718900
92719176
92719654
92727399
92728747
92731608
92737208
92737378
92742213
92745047
92745931
92755561
92758004
92762946
92771615
92779039
92784373
92811046
92811770
92827187
92828703
92839326
92859943
92876772
92919844
92932568
92936944
92940113
92942109
92944818
92950383
92962249
92963373
92965719
92972323
92982107
93024219
93025972
93043978
93058156
93060626
93063574
93089550
93108228
93111247
93121593
93122663
93131728
93141089
93141388
93160608
93160996
93194759
93203981
93220607
93222929
93243508
93246898
93252649
93264522
93266455
93279051
93284434
93293838
93308599
93327144
93332480
93345429
93345966
93352417
93359559
93360009
93366219
93370377
93370772
93380123
93402054
93419915
93433329
93439318
93450830
93452424
93461742
93474019
93478851
93493165
93507331
93512496
93534568
93542724
93544088
93575619
93577106
93580448
93584377
93593286
93625375
93652989
93656064
93660084
93666702
93671378
93709273
93713730
93723878
93727112
93747297
93770279
93784128
93786856
93792144
93793854
93801739
93806005
93810725
93817867
93820913
93824940
93830254
93834094
93839229
93841228
93850034
93852569
93867995
93868170
93890405
93893107
93915371
93922642
93943253
93954483
93961919
93966096
93970478
93980249
93981050
93989576
94002795
94004385
94018499
94032210
94037929
94043757
94050521
94056228
94057569
94061913
94062989
94063226
94084383
94088495
94094856
94107133
94109140
94115867
94129763
94131520
94155735
94168191
94175154
94175498
94188183
94203250
94204328
94212363
94221174
94230989
94251957
94275765
94277587
94295411
94298852
94337442
94344234
94352227
94353365
94357071
94359490
94367939
94374694
94374842
94387025
94388606
94396015
94425925
94426897
94456187
94458333
94468816
94488813
94493513
94502500
94533175
94540887
94544964
94547611
94549199
94550456
94554351
94556890
94559687
94562403
94572680
94595702
94603735
94603890
94605421
94605541
94622842
94623413
94627239
94633692
94647489
94651424
94657969
94672394
94673044
94674605
94675969
94697124
94712721
94714564
94716990
94721179
94736658
94738082
94744750
94753364
94767776
94789274
94792468
94797146
94819379
94822444
94830543
94832968
94834423
94839867
94840378
94840794
94842226
94844939
94849476
94857230
94859639
94866344
94866680
94886209
94886503
94887665
94905776
94927310
94927316
94952686
94972144
94985660
94985870
95004764
95010017
95021264
95023159
95032124
95050881
95071855
95073860
95074558
95075782
95082122
95094571
95108875
95128884
95141290
95146174
95161905
95178397
95201469
95207946
95214644
95215627
95217525
95220197
95228570
95251822
95266164
95275895
95281908
95282549
95295839
95311043
95321584
95329727
95348395
95353962
95365766
95366789
95367627
95368496
95370120
95374015
95375707
95382903
95382953
95389112
95402336
95423637
95424388
95430083
95456719
95460989
95465806
95484514
95496294
95509456
95515105
95516507
95529084
95540638
95543888
95547895
95559533
95567969
95580290
95580732
95582209
95585923
95593711
95598648
95621354
95623963
95633191
95635313
95635980
95651358
95670562
95674936
95677983
95695216
95708798
95712126
95717778
95736934
95739506
95749920
95751613
95752667
95770174
95793755
95794623
95807223
95817032
95822406
95825734
95861424
95866024
95867624
95880120
95894169
95910591
95920288
95925048
95925055
95925215
95939599
95944910
95960274
95968679
95969756
95974582
95987070
95987694
95987749
95992287
95996751
95998580
96000571
96006221
96016680
96029427
96033067
96062307
96069668
96073104
96090045
96105156
96114451
96129775
96149230
96155701
96162592
96164763
96179827
96185479
96190358
96199724
96210425
96217852
96228093
96234442
96235616
96240919
96252571
96253083
96266810
96274368
96278565
96307578
96326437
96350182
96359102
96369688
96378366
96396493
96403175
96405244
96406672
96416238
96418329
96433466
96436221
96445506
96456425
96458238
96459161
96462103
96470237
96475862
96486951
96490246
96493903
96496408
96497301
96497783
96514715
96522120
96525128
96525746
96552472
96553014
96575221
96577668
96578168
96595910
96610668
96611591
96611735
96613935
96638363
96643864
96647859
96650335
96653143
96655939
96689473
96694464
96696937
96703105
96709880
96717449
96736946
96741670
96752367
96772828
96773247
96780504
96789082
96802486
96825703
96842615
96851168
96856611
96860215
96864172
96886546
96888032
96888115
96900597
96902648
96916136
96918380
96937321
96939314
96944288
96960303
96978322
96983977
96990267
97012632
97013597
97034936
97038564
97062683
97072093
97074548
97077380
97082992
97083988
97089454
97095519
97103054
97120924
97122655
97142080
97165120
97174790
97189300
97194679
97203640
97204532
97223021
97236054
97239842
97241530
97243619
97261254
97276816
97280892
97285381
97288135
97290275
97295644
97295716
97298527
97298992
97322224
97322248
97330103
97344755
97358643
97359707
97363481
97365280
97383393
97384713
97387366
97394215
97401022
97406230
97407564
97420831
97427661
97440411
97450862
97451822
97462150
97468084
97470049
97472405
97472737
97477692
97486551
97499343
97507933
97510266
97515583
97528329
97533037
97541166
97545433
97553687
97564141
97568260
97583649
97587861
97604823
97622571
97640649
97648923
97659862
97661457
97661727
97667777
97672656
97673953
97677507
97681219
97683611
97687160
97691792
97692378
97696039
97696690
97699646
97707597
97709160
97714785
97731563
97740597
97745544
97757427
97763524
97774617
97777550
97786779
97792543
97813900
97820195
97839109
97843834
97849881
97858339
97859376
97878680
97885797
97908432
97928620
97937875
97945517
97971369
97974730
97981853
97994812
98029370
98033351
98039957
98044211
98044352
98057134
98059893
98106632
98124139
98125396
98130229
98143111
98146625
98146929
98149215
98153958
98156245
98186347
98195853
98200159
98211783
98236098
98239164
98261574
98268674
98270095
98273533
98294046
98322051
98329363
98351436
98351837
98387089
98407667
98444330
98450063
98454969
98488429
98491680
98500529
98513584
98517500
98531778
98554749
98599209
98606994
98614415
98623085
98632703
98634625
98638668
98642273
98653413
98653989
98662434
98672403
98702968
98717611
98719607
98724724
98730113
98742221
98745905
98748227
98756194
98758393
98766234
98770549
98780094
98780634
98795197
98796288
98798760
98801598
98803168
98806522
98806615
98813862
98818672
98832313
98832565
98838741
98841002
98843338
98844119
98903747
98909066
98913573
98921882
98944074
98965225
98976219
98981359
98982541
98984835
98987678
99000046
99006047
99009021
99014133
99020152
99042241
99078443
99078458
99079797
99096983
99097702
99099999
99108669
99109821
99115293
99124693
99125371
99157278
99158006
99173814
99174016
99179811
99190035
99198756
99247636
99259077
99259689
99263393
99264958
99274099
99276106
99285357
99290782
99296539
99307062
99329684
99351029
99353819
99354435
99362351
99362741
99374027
99384995
99400090
99412743
99423308
99424038
99429072
99444582
99467214
99470771
99473146
99475735
99487674
99491871
99497145
99498172
99516259
99524088
99533064
99534139
99552376
99554503
99574958
99577757
99589878
99593888
99603976
99606614
99612529
99623773
99625030
99633715
99635563
99661042
99663706
99665109
99670864
99690361
99704995
99712657
99719177
99729348
99762483
99762985
99767326
99780012
99791712
99795595
99812493
99830331
99837365
99838656
99839769
99854170
99868698
99884896
99913640
99923077
99927767
99957651
99963599
99965975
99979305
99980060
99984492
