41942066
82245584
94621864
20197417
55432821
34874277
48171552
11539292
55558068
56106754
36852067
88511508
10441679
54398364
87216253
67786120
71045212
55008341
35196820
77128609
92479315
69343559
47146366
83540709
90289680
77817100
28020376
52159670
76516430
94803450
96809057
35067769
86877203
10625390
97077295
96645795
17300292
19501453
62667270
31731527
30894762
67022514
26149119
12342565
89921527
44620196
62890152
53789585
37165085
56228774
29882890
20509080
75853642
99332449
41458927
79632092
98493388
85988682
71012511
83520160
70207255
25210175
61859403
51087191
31752012
85204164
21828174
34441233
77733532
27274178
67991941
38067879
93698934
55671770
77159396
94922882
37328648
32655452
76902651
46032765
28779435
48195066
75716872
66770927
23469842
94475230
12007049
41037962
11931092
40022502
53185681
67505077
50560127
28116452
63334077
24132805
71161660
90951265
85167536
73401420
70586843
64608209
15178716
64989818
82972751
54386693
41317178
59169170
14769487
18364866
80775455
15572089
88846993
20822896
28049018
65446407
32953237
32217307
72421541
37226657
72816424
93278864
67742423
36154775
93337870
53182956
21187235
35258323
44658928
77221906
49977068
71154708
17594008
43187472
81571590
82998780
79837217
75393052
35826678
99272331
68516936
73588074
81118723
62952553
95148443
57109559
24707174
94012670
74859691
35578031
67511005
84136980
22391990
52629588
99806328
78546802
19273849
58534035
40924665
34157993
69121878
13431139
45354973
95499632
16166382
54987223
58641318
59279564
37336691
76692234
62059331
31502751
11012171
89414168
54384637
20716525
16296058
98371872
86595904
75779155
22294541
49040600
17004921
79412650
40459642
54837437
22289021
83994542
47975401
77125227
62426160
24208938
51657836
48726944
49927445
61892703
27110578
69075199
60908419
32422698
35119772
25579654
79696156
35873346
19973285
83989502
51771930
70299891
28349325
28039785
41190924
43508963
84447030
20814618
79641719
94877008
55837400
12213594
41521254
53550069
83723726
92523429
92464281
45407897
12162609
94037856
22452923
16952083
12315193
84391633
60739260
19023393
24441377
97863126
76246057
72315270
22382035
25622986
82028967
39893978
64357011
47040714
65898599
91544560
37339910
34944660
47799022
84557545
46064787
14970757
43200128
58707531
10485388
93787960
39194747
30471454
63833568
99980897
71850640
81792032
55005881
34563213
20968696
82438816
63725225
99110730
24130958
53312274
88298111
24867765
29806493
77015508
25711654
35189176
15208684
15032872
12603367
87411628
29996849
70872829
10726277
98654406
91169433
68225127
15413864
50902156
15727678
46030814
76040542
19073032
17141687
43888892
66844368
95331445
29560790
51882324
47346013
97015338
61479483
34445102
39555613
58618014
46636998
91229834
32687205
88893674
84963772
39328993
59728060
53316906
48414043
10057333
40467279
40041315
21545812
34322930
80452841
65723715
34375186
61260571
27355768
56921655
55500754
34960157
65344208
24094766
16344739
96550142
26741573
66513635
37872852
96663783
58142486
10916462
41350774
80588310
55265894
81220290
44277032
27149505
47515163
41880960
66932815
68886401
98692394
62199592
92064956
24010657
89548563
98409666
45020040
85003431
52442585
88485830
48399021
50979054
83010982
91510334
79123785
36433315
13100897
23052287
10161827
48908961
27829638
77438326
23098223
88945065
15484398
19503716
61517817
87992706
40766663
82738364
90926025
43769111
83770239
56168253
16194591
70403010
76567365
80469814
50224978
32519501
56618924
16410065
93010387
93936275
96778234
13361658
89626136
22104777
43554677
90112218
95858584
97387125
53475433
67116993
68802861
63733925
51872729
55546984
55413283
91582781
62068408
31480058
36686026
32189914
23555795
49644347
20740992
61465717
99603165
11039293
46102475
48940158
31608403
39839655
49854161
56436647
93555797
18418328
96524253
77880053
68371361
81714315
79658421
56020306
74333251
60061967
75763198
49812368
66759188
70689244
89137637
73203772
98875025
77268144
60669986
76992194
69803453
56737245
56538596
60390115
60019148
12894920
82855688
33350700
80630166
63851397
40353819
44812991
51322042
64493566
95068258
49617224
11341827
30268902
56020467
64190270
19875471
92932389
93417167
64404566
30877935
45553838
86037237
35187368
25246970
68817607
81041541
51370346
16391000
71493474
45307670
19063274
96572914
79260675
87952249
17330844
83821334
80896513
84407889
12374025
27663938
19248980
30278820
51647163
97120173
42711439
71983891
12622740
29231568
12621586
38767457
29035285
73280529
20956557
29489728
53461747
25848033
27826234
49228637
62566284
99289768
19197735
26645343
29968136
43869568
64815684
97909673
32086879
59545374
80412770
64165573
50042497
60944339
83416922
22088712
68711142
90710883
82992646
80057063
98567392
56112097
54533794
45954421
69235545
78879217
49580342
28258799
27980323
55075507
60309494
23477305
71444356
97649578
81405524
18946956
63001533
82927978
46553491
56228792
16045939
66994400
53151573
94245895
87209588
42267647
14006074
14177137
64811081
46709145
77934736
68346802
11539778
36853875
88009150
42438454
65462280
78722266
55479775
14456848
71718085
86323739
54128494
50333849
20214728
87743401
73810306
90743749
48479352
48169353
74315596
29638249
73528390
44507442
81317625
78754509
21108288
46470177
54553519
94998690
16889225
94479931
52111027
43035549
14483653
61565627
43609192
17059164
77654375
99893074
14084906
86340157
50822761
88130750
78597439
90276111
92561165
46003788
18384190
46813321
31616508
60698773
81032922
70733588
12660167
94195571
84095542
25177513
75289021
82403213
85304605
50643316
53739741
14022780
84032314
77526131
17842633
80332804
21996774
89327240
71537397
31372620
29740060
29838752
66553826
83789584
79529402
67615006
33067044
63291861
75309972
24495155
54851722
46699030
36486784
52669330
54408181
94812709
43650358
58486225
74081035
50751549
25164507
37001192
57094482
39540786
97511149
76601046
60384245
89468803
80572014
34448669
79953773
98968772
98093859
16564319
86608924
25120718
70001029
39987698
16642581
53716709
82451713
41586306
25806124
98284530
80940194
44026601
69869749
47530755
38316372
41365763
85758868
20733579
80247750
66373776
60428825
84825154
68066876
37767435
53631695
54307710
38721905
54992854
91479866
13097247
45576884
92834957
82917399
89278137
29822087
99606868
17451375
52018157
95149602
67387005
82975793
14119643
78147335
45809355
84699265
34191115
76931498
88465526
43107066
36169310
38685814
57515699
25242447
79884284
42491929
46412766
38229868
71624578
77165147
94114145
51323797
96100771
58299269
95457150
70343937
50011137
65276180
87000565
49207251
97326660
66438083
33535445
49332859
69594161
82919466
42137650
39164933
95712110
82325611
74578696
83583061
23540900
43469232
68125613
41143355
61818517
55422889
83004838
24675894
82350709
96555122
41865366
23492258
28109379
30980532
70611796
75659882
85603699
21428468
12660242
84545306
10801669
92255856
93690438
55227161
34314076
45538957
15124281
50229701
70549321
58576482
56385241
37851929
38294154
59253573
35419666
73077300
93162146
38434104
63709988
29507343
78482394
82994684
95212195
76311282
88437186
15723579
55523629
79544045
82740826
43610453
55321363
30652509
66223544
67365579
33921003
53928420
90895691
81637478
70541651
19362718
51859924
94048531
68738196
28227965
99616752
62268990
75059863
71665952
78690899
53986296
85206704
84400527
48649776
84096587
43518085
26447792
58281166
54510380
31542832
43749971
98084395
23202470
64917894
44160703
47955987
15732993
42294135
27359559
98705377
40878819
15090735
65030696
88882600
18499091
25872069
96671967
50011330
28474870
10228907
43463078
53535881
92396959
23215880
14567017
96335308
24755504
76398335
13132419
34263414
99541936
92848040
23927987
46377511
30468187
27270479
91670561
72462371
19573025
96538247
62081837
28226026
56658476
58592611
95109603
36405305
95244992
15428672
92420943
56152500
35017530
56264507
59741130
32212570
92558472
72787722
18651578
19372296
34431735
11906995
91847748
33634001
89806354
56584586
12361472
16987359
55082592
23536105
24762427
53118797
72472291
76532227
65625067
99604836
85265054
80401496
53907265
12852657
39315795
46619368
74066082
71597691
93615978
98824544
37157628
59655904
50571829
30555252
40209510
47474396
72626984
58795790
33574600
39315017
14202338
36967547
79223243
95186619
99400807
75822093
56560379
40245982
43990826
38203428
76452309
46675012
63047799
51712067
92705142
70770909
46125529
30244325
90914104
19943656
12293911
12352544
92465855
70960291
46637344
64724936
99178541
43777717
99342403
54787441
70864662
48126246
69074175
67776689
21250588
29406998
73943826
23144113
63747316
53203797
75623957
35184512
46070483
69777301
85304630
25582879
72584243
34733080
85843760
48783143
82215838
62839811
93316410
59925700
85814960
99238836
65139385
76975069
43091077
29461544
89774033
24960613
96413707
29351890
23669508
54725959
17543930
16626695
30772920
93748114
18504591
90690753
32568066
66510041
74686961
56845230
47747282
49695223
90226227
40017549
21128792
21945161
20791669
54293599
15504698
94399036
17542168
62015484
28931762
62104898
97446236
48230427
21831937
59789614
35106004
12099069
75492744
52840213
82704052
89292458
12544104
52726492
39846183
97145279
33453091
39894792
61039333
66584219
66060984
29865091
17384126
87894969
50772059
41476392
47158401
50664177
13012403
86325356
43390041
58250829
90593535
80092793
91199509
29339821
10707145
55553317
81991400
28911877
65214974
99654459
50563866
48244784
11308981
34753442
59963654
68068338
46506465
51995610
84798830
35396536
51135009
93035925
30152029
34098691
68150489
62804839
83680498
91347451
10053884
45367835
44744515
65600143
96411694
45238974
59451985
12838284
16491666
91388082
14444450
97273594
95332895
37714328
88241884
20005452
69996232
80460158
38500323
30212211
97980932
32591161
34013355
58070087
58159916
63352041
39056859
11972149
87813104
41856327
96533673
63499366
16859816
20734810
20118674
10947418
40021860
31863969
58838346
30084700
25936885
83969496
11109098
33712115
61881239
64579485
86718026
88961744
88099172
21026498
34873652
46403586
64695485
53243880
48362300
28650683
61271220
76876021
95394282
35804300
52661695
84332984
60018163
14856218
27653897
57035822
11672357
90439356
12010261
50089978
82969695
26060003
67263435
86788970
66224039
85992285
65550354
64379131
87123898
61064290
65065824
94703584
26104228
50532190
23142960
93848941
81345919
84161635
81311218
36447734
70649430
76571542
71804985
11803584
19729580
13952511
95742077
66272568
96131965
55448975
17094506
66833203
50489965
34826985
67636526
33529099
61594487
68908522
18812732
84400172
61134027
44765035
13743831
75257281
98777470
96384014
50623935
57800661
49440145
61132018
62528312
70115421
70459676
33813835
86075850
81370238
14532967
95025473
33580937
98659367
81652471
97193975
82909039
71063854
39713248
32077363
53750902
53112856
44311251
44989240
66666138
26199691
59012138
61395470
25655767
66545444
89080812
57042416
41812461
31934235
40392717
84505343
36248870
44985126
77061822
37881120
38371119
76267696
15345450
96279351
74731030
15887027
39152607
86794001
55721867
97930171
95158911
66621802
20439550
54711709
14194401
82253190
58281865
19895706
85678115
52860570
67188621
77673360
71455640
92298818
50110814
51088603
99489970
24833829
87748013
84769841
93836503
90181143
99325720
55852455
58544076
13106771
76704353
43486919
31919705
86008496
34253616
30888853
38010182
25786709
88459780
75829013
96330560
12333582
73249232
35356415
10975202
16273543
76633943
76015694
16390582
85964268
83181342
97291739
97956143
13087850
50676525
58491593
24722177
44705094
49867445
62629653
21762608
68874997
73712789
60529710
56453747
45822731
63687745
71110086
92930939
38191466
64245023
72580700
37927492
80540337
52054643
79131190
83396325
46162779
43319917
60795379
28917199
95736640
21178712
61389380
42860511
59298064
57116530
15894020
66479016
65025797
39816399
28047312
14132836
73570378
43677979
88577730
57121110
11121904
23043501
18624849
48605305
83837827
75041586
71507433
35611154
72866984
71657060
80703403
80572706
45876138
40536043
39072072
98694372
67002363
51378784
10728223
61452392
90881230
85336630
21562251
32037736
37272613
19996036
89712791
50525590
89613273
96427986
46111162
40024533
70457087
98610752
96625298
11358209
64788557
80147992
11442543
89075498
26026953
51529700
46711929
11629564
25625688
27893935
82241872
45605293
55983476
46517031
84154701
87835892
22707218
20509442
49157963
53281661
46763695
61988808
38486028
12591222
21633591
82549647
69348288
96359380
81125798
15489598
61553308
28949192
36072371
81654401
74150278
63715895
53162229
15199832
61959969
51938354
46087132
17617704
87699369
41089159
66785826
53214267
49475666
14786768
91804434
59376614
84318487
24038338
96954742
86931514
55661959
73832762
40967153
12310589
36597806
58989417
99575436
23651346
83386440
16881169
23397238
72229432
44468677
28211157
30426296
82252374
66843288
76860043
72114330
36138337
75440247
30126382
57121670
65436285
13644756
20284758
75392135
21973619
28872870
53397866
93596662
82557568
92872130
86705142
15169883
59164019
32272573
44261380
63246659
25120545
83523304
71990706
89270844
53549427
30071147
56009007
83633792
78536758
84051086
43950728
89528144
79078110
23960283
59424384
33888938
50390357
91719927
39654374
18187548
56463162
16086027
52287496
60838687
49101570
93542344
40604342
92387382
30254224
55380247
63744717
52260119
62160214
80142399
32415873
79180665
24741428
48713868
65438462
69728007
60390529
31282100
61522073
55113900
45554331
61711702
32166464
60046305
69366939
66289290
21276608
49013286
19252149
47884351
57673829
93489789
90443290
27810044
60726600
32579512
46514057
84075102
36806233
39676409
60124090
71217539
80916773
11241518
65201465
79263547
49596194
61661376
95421435
51456985
17132289
14041798
63807406
11346044
21252359
44793188
58681219
20002987
59747989
23139107
12531064
99273725
92538802
33239794
88210032
48377968
83849550
68407339
67995043
56457805
50296589
41847073
49781947
61336526
16949501
49225196
14323245
18271644
51104692
22911070
96392904
67383588
70359125
77683409
86960750
29892120
18343628
45220294
40152129
72431141
91797768
32969535
18337639
99839822
72391052
91281929
50736976
81649482
81539902
88873712
30625869
18724068
48976425
91696547
49363625
56383123
86741603
90027729
89407010
11117109
20502638
77634339
18318737
48720160
45586013
27496117
82594030
76238523
97112293
90442919
58572501
56408901
79445824
75826059
98459371
97588145
14084560
27167361
53961353
45920213
16638461
13769176
77847260
50289481
31179679
63490595
55882786
32310332
27978952
43254997
55414271
42137275
16834518
29565877
64234753
60525367
82845590
70970756
36060070
61164269
24860606
34451738
62983973
11967668
23309257
37347700
95600755
37043222
23930430
67381221
39912396
53927838
44929089
83795265
19676933
66648569
38604953
97140075
53769365
53463408
34559114
54121062
66525697
97226692
12642393
18981629
90199461
87888505
57103880
36903426
87937561
92205423
53942023
17248770
88405334
73629521
15319956
63481779
65623867
73672540
45951914
61676459
21686525
68889244
70011608
70754136
16396035
21389307
57588163
41667831
91987436
80946347
43365553
73159679
95619029
72987979
78694481
32568364
43854125
59583049
16720392
25225086
32999896
44782415
21272732
99015237
11381729
15289997
89385326
85798007
92444091
54054541
11002801
24619839
55532502
44423636
59215051
76549882
30626851
36103367
38498653
34339322
15209722
81018432
95586420
45481580
19416139
34917322
26328402
98621478
80101585
94886502
42468751
42948776
48775882
30843706
65411259
62632646
49037719
78477065
46643831
74643892
93611319
96961600
62617223
75784241
96975156
70975555
63877934
93616191
24176046
48468522
64487034
84199055
57631394
34728949
89197919
67387908
53000155
77343556
30654168
17352680
48971891
37562088
95318024
14242063
75311183
42244898
34679505
28020114
78233907
98347804
21580229
49739452
61523844
75316700
83098507
28971317
30693315
39713631
77058914
55871032
16498142
74900783
79592731
82490278
66483972
22620512
80529813
29737391
75632069
32093735
83598219
50003920
41282284
20617104
82806350
76995502
25027704
15825279
85245991
65392211
12829618
81416681
62028396
73793220
12036499
80674759
11603708
93225805
79816052
98341811
66144566
15409756
72821033
20532099
25130446
10060138
33357543
83798774
63406798
21336124
34634262
83308490
85956658
31986233
59262706
43001940
85940205
32899742
26630696
86356629
78626246
87600027
13702566
84864597
82161582
97541909
21125550
80799179
35124208
62566866
66613807
81839155
74079901
52566240
48931294
92554445
20954685
44824372
44652504
19443666
76943063
60615939
32906608
77149075
42580739
45460486
84220816
70953366
29179196
34513338
49893493
96063588
31067817
41533618
11435360
10810590
34650724
24426422
76937060
38550871
57973333
37256204
33839907
35022862
23761706
43890791
60667437
43224183
15503399
40925758
71961585
25341582
57984713
51282141
47483972
84784852
96113236
24845011
49439075
17938241
80650892
27761810
97592095
14168708
98756856
59745146
11036397
33553830
88450869
27110389
55646594
40564507
46847021
75127563
79414438
19253747
91631994
96444745
88608058
23598147
84588309
35005732
88981810
54323313
99829982
68045286
25386158
12798299
36610056
69639929
61418529
56142237
51566988
83599338
34191763
65421721
83378537
48162872
20901025
60777369
35330574
27412709
11557446
45052370
60026715
80693741
32561834
82067509
41137925
45986209
88456805
14993943
64144272
31753108
64509280
47718594
73953983
27359005
89743063
86804778
19166542
63126652
59261456
97871319
55318283
12055335
64559720
92572522
91758978
34528920
71201673
31996809
81285950
51755804
86601970
47792012
18727509
67638404
66109025
72452664
97834150
61016350
58723951
24693117
26129635
88981937
72065552
74211723
36807890
64809050
37355250
17066849
73153628
76996798
61875244
52736544
17879203
83232202
53808710
61348574
42115060
22606537
35072870
41561333
90323849
26658612
11759050
57700116
55218327
26131035
70684437
56233290
14333769
60462944
76308376
31831464
43022502
61892621
90840688
36544690
47005487
12970400
73350081
72194048
98667946
21172145
60687559
80896478
11964566
36215713
79532421
16659777
93112656
20901144
50732098
83253931
19251465
79888487
59983796
46688980
92765692
24254329
49140050
65365918
67313025
92855433
58552241
36439099
45610757
72816818
17854240
20624302
85120866
81725966
56055752
42132718
23323273
39639544
76354092
91037972
49625763
16459446
16926953
25350576
96268602
96194934
35678276
98025400
81756334
98674529
57400463
26258706
21713221
91287865
55614071
45095192
57098852
56636053
58330996
82544595
30248059
46561299
88751279
22754382
29254438
33875186
80505431
76976134
35117408
79599850
10041588
90728660
85889423
90051187
96777915
82317959
95765642
95243314
83999250
60658539
28821567
70643520
86190437
45192003
89192032
83855024
33170560
28950356
79305605
72861010
67016071
90654309
70677027
12919585
61818347
74944017
83718693
28924839
14227526
41979741
71075741
46079878
82854872
95390623
95768172
20388040
78678786
64457733
41858400
95885036
32570492
13689962
37367538
89934338
28218422
51627993
26794189
21140533
23740627
39873903
24486850
38925647
71962359
12360275
82503737
48172483
10220390
17594521
18136544
47771494
24754299
48217361
13781936
75542508
45599309
35302756
26138988
38894719
44068057
45413907
87338709
39404554
36365754
76148601
13024232
56525880
85856882
29144435
47104474
32730929
42916303
75399707
90074396
89670724
51619205
39728242
81196179
24046213
73288955
48851679
58105944
84640237
20047997
86890326
35980171
89088087
50855360
70593353
42113299
22361772
38112956
68002478
61892413
22039682
49001209
29912824
65259526
14960713
65310165
58421189
76873280
73200161
98987389
49275942
61740371
85834970
71544679
36681559
94375125
71116236
44662408
99369831
45277027
73719020
97212249
23372708
64789125
12689969
90947250
10627139
42318629
55740374
33369151
97579381
59509090
48170366
77659967
66333527
66874405
88935934
52982585
86559147
77132540
96031494
12935221
77029618
87338946
88473578
13980664
26806184
96309803
77007341
51317836
39689418
61826292
88568299
63009783
43324003
89676751
26720522
98706433
71476339
93483883
94577277
50744443
57922974
42822495
98662664
20727187
48880810
88853666
29559018
85067473
33423118
49896600
87254223
25173548
78474901
52447298
16049535
67099359
42633262
76668507
78294675
97054505
72996653
58271691
86488994
26525975
80638069
23186265
44589734
59273367
64480030
78491175
22700427
11440892
98557946
81036460
39197447
86645938
51508855
92463907
87644139
84676445
19754033
29005050
79487980
91831456
75952466
98182215
78239429
35518328
86790320
81732206
39820266
46948810
24555759
36613270
23400615
13972365
96778084
44796505
32412534
87921813
91491387
13825422
18958108
19298374
79973708
12447330
63022746
74319067
17731283
58282350
52117719
69777049
42524095
54338986
33245121
57154080
97149842
29583324
11665861
12886959
51330224
14407806
49604552
52947244
87425605
84576604
36990241
58612156
48650716
74178926
15713195
29344803
95608447
40166061
64804203
97323905
83266101
68181655
76422332
58301378
28556378
59757595
81733487
95442077
31171328
85930218
39604408
58679346
45495004
56119009
49208012
33650430
83674598
28977749
68856367
58360668
43441215
64769392
47836500
29850996
50985612
54543720
86267441
17010805
57577013
13403196
91366774
95608345
48647260
75258570
95769978
32649127
24771104
44432491
71722595
61037170
48499588
64415621
99434105
35899994
85587502
91323927
97079861
12788651
55049883
50824238
24742878
40789923
53633907
66438504
42697545
84946816
90228068
87744773
98270506
83884717
12751826
93848097
11582567
78726113
86103876
96294715
14041470
53422162
38401861
52416389
39839151
44159391
63239543
83549338
38485307
57386418
97228484
29400772
88806654
41835079
69951087
46518563
89280398
13070873
18153195
84253883
67887386
48517003
29773920
32355277
42146267
80808984
87553385
15060944
99700060
19581504
39933584
77460190
33790497
32833284
13742138
49251129
77910654
71738954
99635153
10606883
62181374
76834660
13508972
16566541
91937274
58775176
16684950
19843590
81688326
90112384
20427694
86707917
23049381
81579217
12005026
76146582
38173794
96503313
87931118
88828464
34493229
64267116
13540504
66361267
57389695
62832181
51361249
38543336
30318970
44732952
62324744
60120783
94863697
93545922
49283647
26523305
13779570
35269964
59247914
13299939
41407934
25815062
13153895
13179655
77584994
44156361
25265654
54878499
25940836
33021552
76729179
90980141
63091951
83072906
63332554
59540404
30118701
58518537
15994011
31005133
65699933
12074514
93866941
91371293
72898335
91539661
49585338
75717993
89238649
65466203
21523422
11985315
78512894
52872177
96117038
68237174
21945718
97796288
73708923
33602137
73645083
62159737
80719356
53688450
43029904
88871656
47371812
20323771
59202680
60668041
96888579
55096865
98823596
79521745
86646075
79301721
98376514
38395391
82101032
10263144
56360602
97733980
32059401
92577811
20865179
51947336
51980994
42436607
43326004
69079857
62105012
99723145
69040015
80376621
64416368
63808420
60759226
14916129
20365056
10535197
51555098
38156024
30632917
92936440
50672649
90040346
36408371
96449240
85754090
22479939
53427585
36940975
59300436
52886841
55952157
73926677
42409092
21150221
21571361
70266733
17984806
79586397
35946994
47790133
84494202
59825695
88212543
84450708
56037463
52436574
36691782
45263054
71887423
47345758
50424168
98701603
97262274
85412864
43158908
18052204
17173355
25786038
87721454
58842894
49820798
21356988
92192558
69286592
53709087
67224589
20392054
23101007
19600306
43643305
89686230
18837486
71848603
41667737
63895770
60108211
86988835
58674463
89142174
25360572
86700406
69108695
71271771
10355712
94815201
22421153
11685956
25751997
44111020
86293540
49412713
39858770
70283719
75576026
41741995
22494368
67621052
10777343
80421976
38157058
40903146
11039392
61000488
24754443
16716782
27786267
30101302
94589016
75992037
74337810
53752095
47169514
94839971
20135440
58446466
67669687
82573533
14409517
85100430
45375697
64315872
56577844
26499422
25742685
61839716
88812644
73330036
71888683
92209041
30883831
27854147
66664024
99056685
33875701
85264270
54958027
45273981
20859348
51423106
67401889
43810091
15411561
34149251
16730580
69127295
92046491
36254193
30202012
82772996
36552007
15711225
49126876
95183145
99766930
97692514
38489152
52777459
15310621
62107459
87798897
95257201
64487733
36460419
66547320
65396770
99690825
65777200
68837667
93630003
96735408
63376536
46205380
18220858
55637404
80482749
99852329
64728798
59732403
84265234
23553213
71022857
26143504
38730090
86196165
82691266
40812518
88569024
17291437
75333604
13365805
10308424
24364031
85634233
56812141
96367821
27444305
48253963
26126485
53798848
33774018
38048816
80410976
34837673
81598499
46146245
40260728
89172656
27642078
96273561
94620142
33489025
90995580
65021144
72285571
48814293
79684156
64498738
40521122
15539577
81695228
12185111
10078193
19920543
67003771
70559115
93929269
14729374
66878872
38231894
50683179
78574212
73470661
54747973
34580495
66883591
68323378
50883714
61932736
55600446
81434988
31942881
70787580
50161008
27990245
96477860
81445053
32798502
71247311
70575530
48292895
55897308
66011670
93069409
59283566
89746370
91156162
76602931
85127352
82537178
11441336
99395306
27286665
45874090
95592313
36191441
18665952
56102096
95713502
95033117
63669555
57026541
75829688
11999726
72712059
42006787
86387173
80390578
54280537
73316142
36601842
74219622
29432837
67961827
74946487
42412073
20314618
37667994
88227555
73866502
29455821
81800560
60023989
56079134
59078255
96783309
45311171
46511424
22461593
49348631
63086350
21041581
11891569
58739216
24185711
69220398
41658002
53434337
31926246
88776356
87086796
48128572
88655539
28333259
94618443
99570048
57980070
21719730
29733815
62931520
23919189
91223414
67947337
47731985
10948440
59387394
84239140
87958176
77188579
83363617
23471766
25568812
91876606
18168357
55414102
24587014
74582902
53118110
60205849
62337254
85045433
14296561
28385509
60059005
43835455
12219386
41442938
66678790
56643323
95569593
60279520
31217611
69706106
24459154
71142886
78528824
14203801
85077505
67641493
68982163
37702840
70572077
23500461
95232963
85432281
64416495
51140510
59595501
87597192
88319734
56458738
45919912
55256613
67746039
40991916
98225390
16957298
38477533
12497928
53019246
78171857
63457420
67375990
14408062
72851680
51730980
89047090
50955985
17017708
40008519
54671070
65098579
63237434
81145545
46815561
37795385
97913702
12191115
91067896
92480506
15863234
85272032
60657281
28978295
30763718
51525241
72759070
71760778
50889987
27663743
98770150
69909126
72839927
58150993
19327487
27086467
21820526
24808582
79429014
22953588
66776738
20458266
63866387
36328210
14900680
66634380
10986982
28197084
77307538
11757113
63176742
24527644
92331166
31449245
98152745
34552376
98189384
80077570
60357669
79064501
45145006
89312468
38100108
31085641
26957378
25446005
63561397
87754935
30348202
82450751
37553689
90915374
95816527
71233398
28227854
34698455
16383695
82986782
73261943
17176576
24050371
21696126
96096694
99178540
94072275
15962217
15037231
67841142
63897454
33142807
37413117
93397292
43287959
88557010
37282857
22392576
88069891
94259067
73738543
92293169
71935464
43843487
75906298
84251606
67851593
26336608
36486631
41057030
39631172
60137793
92796547
33066331
74991652
92500957
95167454
40077832
58763373
44248368
30413722
88976446
86060179
31909741
87090615
74955361
77850472
59275734
90761771
81549265
21686838
36208969
41304048
31128659
53662872
10612644
76165130
65280621
33305485
10082786
79568206
29540708
84457916
87399245
86961804
28928773
98674699
83310336
32475879
22664148
10852148
64785572
99871051
21518112
28419081
56647358
20825439
36706924
35806954
46348972
45029848
15983107
56083426
30971600
12223288
96242775
37968865
61303550
83872520
33827540
40088848
64661664
26173732
54157238
78567346
49405211
90874402
20955833
23969359
16021264
48476684
21683318
14227110
37757028
30751586
98078259
63729353
67145005
79450739
51496163
42685871
83326764
30319299
38310287
53059393
86335825
74555867
36955553
52597124
86127862
40401929
83717148
59105213
67405445
12202026
62677152
38855833
50402513
79689744
76947492
62340041
52558176
57967065
33841464
65579527
92833272
51778693
19835141
22636820
61680887
32907777
96598202
73605181
10835464
64790441
59990577
82032722
33711931
51234594
63133928
66954553
76896386
30347730
31385442
52935384
27684777
32247419
57615742
16165074
24787679
45361374
88360804
14513711
38055253
15783273
23290778
10490194
78910001
72304149
57201792
50828054
51475777
45795399
87277427
33573958
77727719
80951085
50132485
20976851
67245406
71334167
89082695
53131772
27106353
33399018
46312765
70850825
24692694
21545918
45507151
47191843
82549636
31423842
88438956
48777397
15227829
69398781
69317345
65756965
97441892
76377139
31994864
33512945
30390235
32658378
91701172
37272983
31022666
14774697
98687933
89140693
16322752
93959075
93426280
32292831
71860715
33560382
23160224
25905865
50048626
65847094
53221807
52940505
38932719
54092690
97097032
80780073
55319922
64269776
54450887
83767670
51755672
78419659
34853797
84863220
27690675
37638129
26751797
70151741
38310442
35953634
12946484
38664722
40851215
44235561
97411310
68723070
74677380
75499532
62715783
62676690
67401827
76708183
41979155
84308941
54662784
53219945
32499317
88661354
41874178
16623895
20976603
99116848
89126401
27739909
71540291
97954116
96990185
33223047
79708580
15675627
80354533
59061604
80003163
47652505
40644960
70639275
60633429
93213480
68323273
48000537
90751401
91489043
52560052
72384721
76404305
37942304
57036029
70221026
46818629
77690571
48373727
71283554
91489456
17314147
60966838
59370172
36641811
71195955
80362862
14775596
76459831
59088079
84186831
55931267
36114645
49986091
99704085
31407198
77146671
48911322
25254484
13281475
20804502
82066978
19884022
65480438
81582948
76435965
70764964
20608685
83978329
10269287
32463020
81985570
66569989
97392686
51590863
98024099
94147453
49605633
24973119
60808897
71883442
41742233
77242233
62149429
20684343
50683335
89462583
15097131
58923270
75719314
69577586
59623876
86033668
66195780
57364963
48147238
85626400
66360548
92508962
51820526
47689373
98232077
79298434
93608675
58984681
33394579
82398751
48101038
80161002
37044243
12381351
66648768
43747013
59177618
58842877
87605667
38001434
92559179
59309338
73797831
76687844
73348082
59259087
93181855
11134097
58403957
95587198
28454567
61409581
57852934
21132902
94472510
19995231
56399783
53662925
89775552
68167759
80575494
70667959
10623712
41309370
36352171
14292843
76094532
70833716
14303035
33065172
27416241
96290937
42573263
23458368
13669058
97222248
24627412
79615434
78417206
79704768
51492548
98773455
30598964
85433759
47782415
93120808
47700208
94521021
40589318
68226829
36405531
87320633
86046367
16624595
37007820
27945797
63957204
13060119
42307508
55704808
62079784
98710925
23916193
61835702
53367972
38878818
20474691
20382826
84809816
35019401
81820655
10124763
73175229
17253058
45339067
66767867
16156219
59239019
88989173
69620704
49492519
97911898
52726811
57766041
64889992
34691098
51029674
15478056
58817961
99774601
81652377
68712079
14059774
35677587
36993262
79307721
27156568
54318344
82701214
80469018
44113466
22135812
47141139
63506139
43324066
90080119
85050452
87973213
34810973
29594701
39635735
23377762
15425808
21955043
53487921
81610124
39191714
43115056
49460133
28594599
59674120
42121745
30681121
25555025
55432987
33105862
43571563
25891020
58565402
69524550
68001160
88452015
83490973
82474774
88992424
12806641
17484473
62724657
95967563
72797900
97131024
54563378
74152339
16247151
55573939
77839935
61590602
68652999
29899778
79535999
56532153
34450863
97212338
64056633
17228157
21514794
44497562
28712785
84633370
59010500
96795016
93651526
78894174
77481068
95650705
71022067
25719085
98196712
28163828
18728930
93533759
51756839
51833952
42489001
45048350
17442200
61723848
39968466
60522667
20171143
51240767
33012716
48257380
26853262
27679111
53557819
17013506
62643244
32744642
64986625
11161181
98333205
26550275
40958496
27089744
69659714
64577836
38972769
84322837
52806263
71622671
37553375
45872606
17735139
23669662
69222610
81272384
23090829
93228128
72214608
14016074
72080627
75877590
84484211
23808544
65194404
22891714
59264428
54563082
86069278
95669632
92091830
16101248
52773600
81419129
94022815
58284617
48189929
46636394
24711782
31350780
71589932
73064910
14689319
33666735
78796963
44340647
87344440
96854138
49178583
27663031
36196470
79733835
47571473
59190297
35088919
66410054
84824876
49361405
28473738
55945375
73349673
64588493
37712470
28293956
62416541
76166320
54682500
66150702
11134473
20627444
98078470
79028956
64430764
41429806
19731359
59085870
33626809
62854602
81184560
90232406
94761670
17951074
75112438
27828655
42476517
17147878
46098624
68298246
78640026
69643236
73580194
39735853
86572584
48058920
41825631
34194313
17061115
99914748
35699412
41983929
64273199
54238488
49714325
96104847
89719941
34114171
79264748
18434307
82349549
39113325
49317603
23991436
90052987
11112889
23872209
89593972
88946010
67987817
57934026
57524731
50815069
26017142
81931810
67471442
84273126
86731852
27195353
77928814
72227808
43746723
65864020
24026170
66491019
74185179
63499751
47262441
75408189
51080040
72547601
77142874
35515984
54655413
89016999
27359837
68062847
40648501
77059948
91991098
96533698
84139623
63594812
87544061
66142985
92040149
97934242
69104628
31332229
30332271
48283506
93839833
77088984
69709380
60893998
59430288
45893025
61228152
31282130
92674726
29563031
28415280
63468523
33479478
58708035
48896036
64640343
49628432
55082194
73202956
38549595
59385357
46433997
88230257
29490080
63652451
88109720
28719421
70522515
42953084
99249468
95951776
61740216
61135789
10772715
31648765
46981017
31122313
15425160
73878586
51365122
58333036
41827501
88444217
57458943
23897828
24897226
46016983
97819130
77616451
39652255
45078869
87786828
17213144
54561745
19043878
80378777
36469468
27271380
80078255
41558830
61850528
19179158
31276236
39555901
78591707
67424292
90187938
48241639
70139759
33953212
14413151
66068789
74469152
91725745
66104463
57143901
68082330
25389142
19912954
27001746
62691922
83162344
87790023
15845534
20158712
23994210
36561769
76710181
58955660
32810654
45436487
91198199
80595057
64295086
30875858
93415601
87132374
35688234
14733260
97594562
91720588
42211844
49947160
63184477
54078533
67900759
78868806
89306181
81889577
63273908
79933839
80573410
22998299
99294944
79670775
54329725
61115213
89107722
47272324
11975774
47246072
79148231
59899040
15905309
13624618
68430637
93065294
69238527
88039749
68909871
29700381
54718157
97151890
24872159
22178539
67299310
45418186
31460211
73314672
37274083
67591097
81157404
60323366
50315678
24075025
67532333
87403769
39236006
32294232
80991776
84952220
44273795
58320356
52573897
39276459
43622475
58770396
94382887
11196934
92827313
96390661
61669254
12019997
36526979
45822895
24676558
27266185
32766257
71562281
97727247
19649748
23239629
87583819
33608572
94525961
57488794
59758351
56215184
58510204
67292057
91980527
56001441
84831529
63314643
12513128
38435152
26110704
96155692
44575658
18433449
89478023
74867769
69554901
74923129
66387824
53526571
14284090
42954390
30668014
87589077
46076261
61438144
37357201
35724559
88219915
34217627
15531972
87691207
31181194
73066279
98128611
18799607
45458569
87119626
24829931
33733930
76582550
59717906
86354477
91471750
19398074
12251795
59870842
49356736
21680880
58783927
11784503
78358593
67351330
53709157
79695689
95066278
84143294
16135515
69728608
20534504
36267782
18113785
89932765
97882405
15973301
81474564
74096284
26557870
91052443
78850042
20390441
12647573
60561756
57731121
39418375
48363378
93212013
86456033
17963087
12186480
14948076
19600910
28520525
79938072
99878471
22037524
84418966
94866450
84291032
81066850
45045772
43771580
10222046
49487244
14332047
71067153
38595491
66483795
85074382
22895404
27797858
20368993
78022636
59754601
84842513
57454647
90627980
91721045
24498688
37085394
94671732
43638438
24539552
23732348
45807347
38308627
30215444
99044548
61352212
53520321
48109565
29057755
63949742
67042900
69120684
52630082
92402668
69106328
80057018
62784940
74029061
97272523
52502378
43268318
65020403
93942740
99175358
45547172
42575368
99481609
21273018
89415564
90332824
38448691
87190431
62847875
83196957
36429293
94956618
16282227
92577654
64390733
65006216
30784900
41673945
59075322
60988510
32445475
12704967
56939770
69936286
71347575
61303780
19319688
22359247
44301170
90446761
20368457
37543152
69543959
98511956
82131708
99084667
57300007
44329916
24018032
63453917
10665219
79160480
56639065
60828382
23359304
61892829
72211538
75400460
54472939
14532376
57231942
31073640
96011701
32342631
43009333
83679294
18405831
28860332
57177618
61104067
11596172
58730510
55525798
53857125
52521776
43867392
43598751
90760532
66946965
59744782
28278761
19952402
64643907
59167324
19549505
43936988
92307221
34715108
53818052
81200741
64099836
75823246
78559462
62575312
62994816
12108727
17276243
53515448
93042827
28910105
91314527
10311813
81552707
64093773
94119307
69438811
76850408
87357240
11455973
18376899
58339867
44589237
79477016
53859809
62911072
36330160
81887128
53094147
67245326
29941349
41478563
56095388
79058787
89817184
11374277
91018438
20950163
41474347
59617722
50145250
79047947
49944228
18954510
86922886
65225668
91204626
81368734
10628537
50862309
15306143
45197804
77496189
79569894
30248053
57792194
41724583
57117385
56257812
70296343
18140965
75505007
22702678
60250559
55208143
64353087
42074552
93137645
25991532
74300214
64873193
85345637
30948939
65048122
98369084
56906684
23972689
32550874
16186462
44343624
43518933
35685657
94035328
95472303
10311808
84995379
35458486
94942290
97964096
92472827
81157825
88539747
23319380
49698059
15592334
38899987
66824090
36352243
26272809
65766053
65310675
16111787
73937226
60253016
68010768
58412067
15071906
40268577
66590011
18413736
44733230
94077343
47079237
48732089
40223595
82485832
41943859
37219555
94953045
69084286
47028865
17924227
33741707
16632887
47399810
21361898
42753426
56668763
88669081
17557088
65219213
95215125
82559651
81901116
25599652
79209590
26914395
17153657
97200328
25172165
60804214
46679207
94592816
43126637
61191161
68207038
51897396
26537994
50550347
57974044
89814164
28690909
51066332
99665784
15378731
71926169
87916538
84581530
46199138
35098119
34777827
87450222
92399486
41093654
10785136
68849212
52080188
74448068
51693770
76911841
24739701
78781920
57992548
75403604
44007030
56123388
26753159
42515966
96463041
94939077
81355804
57350052
48702157
43422439
14165556
79528179
82162080
86045887
13289810
39961544
79094207
23607787
10317422
35995074
57185929
21051997
86288125
69850830
12554278
40532518
37719223
27318176
76157251
46587948
83510868
34697932
23007897
15114657
67344477
16993048
55402786
69596832
68278496
62087220
13325355
38807767
96386012
83981194
96221038
39531247
21698264
75295220
71162066
21163285
11348023
35654349
57003107
51971342
31763540
64516423
67793754
15575280
85634677
75177983
68537039
12235029
42418604
90996732
98269258
14983360
43772574
55965588
21492939
21315265
87349795
19742289
43566944
70517166
38535176
31709244
73243291
50283552
46177749
79613842
40424927
21045644
17145230
34124907
50175246
91014235
13593767
52120853
19884712
87764087
95017676
66013121
56411150
50229044
62585087
21356484
85080108
27522702
29192235
37790785
87602655
91019848
29422656
34265939
31192681
37955500
52291148
28495161
50645278
56405945
63917250
74005100
15928990
69514124
59915173
35909053
99539805
40100666
26933467
99529343
43951467
26060002
47077330
15359516
28646599
57155251
58733093
32657568
86297342
89083740
81181654
94474419
93691635
35371808
16564759
93762106
19909521
75099896
81736875
90330149
70932849
27012940
15625997
37539087
97713155
63887692
54325635
60267823
95467016
34636967
11468473
42910890
28341124
64568112
67431734
45902249
90354930
67142764
16623560
86205230
46088513
14136851
23943141
31037479
35368013
48221779
93838735
72150795
70503810
80144427
63904462
10921508
33826966
76638439
72486280
82357888
94233609
94509619
32177477
73296436
32256560
69907346
96063346
53718483
34094115
32482063
63797255
61073075
36216550
49915340
73998426
65121316
84805404
40826210
30499217
35830972
39597437
96761674
76727388
49358735
14938319
70177334
39441985
50412122
15233063
71834010
72666588
52734122
95187881
95614002
44767001
31268215
37371196
96613998
12070908
67594800
40513913
38708910
24755690
31388394
68349014
50737997
98772301
21562855
41370475
75790957
38659377
75999079
51146564
86876722
47364387
35709058
83348156
42519023
76950808
18602792
91755084
52130379
58005413
33227456
54051991
10962219
53147467
37466130
43177076
42443910
54369484
92731903
29603234
28785065
74427689
54133640
83449038
74817457
85430326
26315610
53811297
40337989
47234875
24945815
47326254
25141441
40750157
66648065
91182596
90004412
34527117
28593169
65037555
55769045
84925244
50700182
88257938
53241135
12394586
32315604
42047718
51562015
19512578
97136538
67356251
92348851
58555523
76516128
29891826
57518779
74056828
14132454
67137973
16624060
74815942
76535403
66013043
46329135
27747050
70106152
34467690
26982343
78186805
71008328
65706606
91598821
72071781
29508262
87675033
53110885
88988199
60440419
94581587
22678379
51876166
37153090
16239046
17645941
19871666
60736752
12821001
72951059
93599310
32261227
83525808
60538580
75952071
35126441
78005191
60590794
31682221
73544260
29102782
96398079
55536330
71621888
90484576
12075631
90431686
28580578
74683373
68092987
67451060
95971548
66712204
92795002
83017964
68802721
86516565
94650635
79719455
29070722
93294557
58288122
41791049
27241339
80490556
73853823
28774514
61665078
19977082
60479508
78201110
40496533
12843747
94890734
70969160
83990402
60602831
32602792
72848441
57694572
37245172
36581172
79845737
26148841
12593229
81614362
97823071
52165147
97847252
28930160
66152730
47490681
60523982
74542603
46151498
94524557
67319934
86347061
31721186
83294714
68074062
42750689
89781715
40856097
13180773
78499861
90126372
46952744
23301480
95753331
71860471
94136603
96511178
63451794
45290523
76630599
22961727
51508516
97082153
35322492
71728634
96423330
70916166
58275591
67362485
37483830
88448659
27034943
70231676
39443497
97853516
98254365
33836054
13963790
86470596
19810557
47962746
57443888
48951648
13736306
62587365
16538452
69860045
42346291
56871203
83393529
75891172
13256373
39941161
54968774
51877677
13120153
65754103
47345453
16668958
53186518
43556272
23346997
58809138
14966413
48668221
83849357
29008398
82417149
41238243
23292100
20530080
81601364
64655028
25461978
87543853
87998236
14396344
68757189
87160647
56970359
73160677
35286301
24195354
10306712
74069985
75129056
90311707
54198462
68569373
70769911
24171482
48526167
15870022
60205412
12963653
27074346
70084510
84616515
79359438
26064174
91638495
36859188
10583043
92325207
73016182
53573926
31260198
30898165
58690430
81166086
83689567
90711425
77151164
62096270
56040182
49869863
22517598
64253492
76985221
59756734
94599865
30250449
37782486
58673099
65950171
11282158
35856388
16976048
99108282
58013908
22899549
23758280
30110755
64034459
14135347
73067626
25616021
45538982
45761760
59778993
74282541
64754006
16688113
86719775
74339980
44668782
26307332
25190286
97942846
49476299
40835358
43544952
89653901
52483683
48800192
37735730
74714238
20193803
82891198
95536839
81615432
35511063
44664489
35062070
61403933
26573553
85827067
26337963
20704578
28119449
54540231
71983848
32050600
73918477
62119351
63613212
14105616
15752109
21764340
60998214
90276475
64943726
19473326
10012590
58566146
57372972
49219188
98624327
86824432
10670713
93536128
71888067
52837560
79537264
18798419
43558583
63929457
61122772
53176286
13598432
80256198
39430537
13219502
18650730
53033372
14224718
14888858
52589402
10912396
53386480
67616712
90393422
77618826
84377650
85612515
77493362
63618143
28759078
90624691
31326087
41189800
17250634
22085899
81862881
55241441
19690285
67767208
53557482
36888808
70651632
68164972
85385878
24334424
20620294
82475348
65513663
54355201
94989442
21209953
33732067
95218203
26762384
63718071
26296572
19361199
60643886
79107661
81785944
20909884
76132479
38808471
66797680
37026946
57005154
61209014
90607756
75517793
21751894
12413063
85437248
48064688
81732344
85527557
62380116
25066090
99056671
28557181
33786520
84381657
73197219
50215989
68726496
52655731
80731428
39584800
32398714
65882847
59906316
73258054
43438798
40344394
29301948
36148185
21327434
13160704
96099718
28038592
70223972
58626493
90569169
52240761
85363389
70237858
12287408
14315344
32099111
13611844
82590900
84897896
44329898
22889953
76326286
14269245
63745299
50029418
53939557
76887822
24876935
26383922
98603864
35635670
76962383
96648096
85015304
55677839
37868246
27108869
94517870
49052901
83104316
43605205
64056756
81516919
80149584
68552195
84339632
55303063
77146143
31837037
70986756
54179342
13928416
20418636
53838506
52378569
57396910
49412915
17095322
98968331
89909794
80399056
43214240
58178966
75384935
66237646
69884390
87092651
59230248
65376674
97976735
59250583
35316597
51610844
51909456
32766405
26393216
14782920
45377250
45003323
71538822
90873087
86985149
70974933
84506637
14765524
15576499
41249388
69508444
78726393
93410590
89981057
98111767
25749727
82435332
15233591
26400459
11802214
59356324
81047077
93955853
75834611
36062437
64938624
17313776
85519427
61321885
73004218
71552558
60307365
44384368
61168676
54823064
95121642
51790853
90960976
59798028
47814329
91114683
34480438
78076111
15611525
85435991
88889641
28056847
74005786
54286372
15318041
12217128
55948270
50089355
54699001
19281736
81210605
85538124
68512711
49156970
69016606
20999550
63169887
88838947
80981106
75461821
11303923
90545569
32773072
80311739
91910902
58509020
58958614
57385102
18050922
12116111
21535629
74213545
58464956
14012105
92221629
36124724
48249376
80223916
59568095
34554178
49027465
66008835
47117897
34756397
71688319
23897016
79013218
73166168
66123368
13227196
46227732
91625658
29044290
41258951
34138836
52333935
87208652
70820122
20094578
46621811
82237204
12421989
56234932
34508106
66611948
90154153
17381592
71848888
39352296
27503234
67211160
10539362
31188221
16980952
90695139
33677829
74446130
88263770
63851077
35538870
17690102
26595222
60033382
19337767
23630786
94149957
74210711
66882190
92376538
53984429
91899771
28519098
45882042
27668636
73039361
48056421
45753392
26828561
55595881
28100705
21174845
91724954
27190749
52773824
62425162
95160158
92817656
97245050
46555665
25087135
49525230
16794620
83794699
71290303
34417361
95400691
66267282
11007044
83009740
24497669
58578219
96085549
28531713
61105429
80751510
16256960
44081247
15052159
21919028
71555302
99967058
80682820
89840181
54067555
79792381
39665252
12790548
19003659
93347967
53841010
73864087
34945249
15183129
47774222
62934175
28309916
93240175
83007881
96546044
38999448
99363336
41280550
16038990
36827155
32026566
96468723
32693885
53208904
99210316
68651443
32132681
12624892
85497206
46472993
36334511
21630325
96107543
16919416
91868561
27520448
32089120
52939851
69666786
85142771
68009801
29464310
37695830
38311887
80689060
85841675
57264253
92830299
14566306
89011436
87520741
15602151
21953058
93607316
74678415
35055479
11496337
48777116
65093430
11999864
58825930
59052737
57928097
90490129
39735141
76401652
17561617
22534980
76168694
33417628
44740525
53394332
41349848
23354873
57314435
83695529
71024129
23319299
51072933
50764796
73212348
15714224
13830228
76087717
31882542
91318963
43628777
79994226
37494155
28151677
99487860
87233154
66032982
17523794
68427492
17421551
13079163
94083516
91247585
13581569
49092917
50048089
72804500
71531000
64740895
32408201
78794174
14823455
18355214
22796190
38283006
65405834
68920834
27508245
83590680
80397855
24421028
30318909
38734152
50070679
15449338
96514948
65924389
91830642
63584841
88504840
23425710
31009766
67549624
13593859
67779066
81774335
95580750
48070377
18969477
16414155
10841749
72428373
48108323
46339306
42469813
43658863
53721665
86980605
63313530
49293397
58700991
39097880
12614377
74969991
75442855
29907447
83415661
38151290
17345449
75464821
14163736
33880536
33088769
38786534
68045654
82871958
89855005
45843112
83967335
77656039
98185715
68279289
52425110
51729271
18248185
54412210
21605590
91660273
41401755
41017875
15849505
59582311
39435785
20822372
88657623
48505933
73115646
47207542
38338290
53989088
66771155
25384548
54780453
27250688
26992675
47173818
46784407
54985550
59470963
55054395
67719150
80508883
38707152
24538521
29974645
43036034
82566604
36076471
89953486
11098510
93614204
54612176
44088092
88825383
46190968
27188625
88182870
71779201
80253195
15324765
88488227
24430356
14464058
92307045
32636580
37502228
34853315
59586673
71600503
96786206
78877440
41786735
16173332
62611898
74640581
92785368
21415320
34048994
52514495
24146555
34912656
37648585
43548443
39154588
27746370
65050581
37274465
99050391
50267458
63932151
61944607
27298343
52076974
86433664
53769377
97186310
24535791
28589977
69176568
58744785
70437056
24335797
76996897
92666108
62905923
92049321
68865628
45116839
76544361
44725585
94739369
13566671
22487691
51178304
30851357
11903595
67622022
43869626
87233821
39614323
81665996
58054202
40726008
13181464
18072695
18069352
17210863
26867363
84514077
20487051
65558892
64272161
73820331
15216752
37155284
67886238
55173079
61863922
46248641
55556260
82357243
52069249
98098601
99085667
21618769
34129405
19862628
67903741
95403036
74614424
98865041
37881459
65043605
67647197
45535274
34235930
63855732
28914451
60874114
76461060
40928453
21657149
42787699
61050997
92484393
20065478
43268924
73844155
64764056
74917964
44563812
22692834
15103909
52336650
99349422
30150468
41462979
65547657
41120009
37356968
43518545
48064060
65983822
74643901
51242663
72730987
80058071
99309522
22645350
27519767
73568239
31722611
38409854
59715506
82610533
34652579
41354239
26051017
14176642
35575645
84646504
84209437
48056626
87980085
20796646
72196750
11015007
28680791
55733084
15364222
52628796
65979788
56460117
32611764
12445243
11340890
60380968
93409489
99019212
32915502
35744756
73441133
20751153
43012617
74069465
32630300
20075709
96204048
52140156
10846356
44227621
71511667
99463536
74948927
36805829
76823298
64285958
62453310
65910093
39438679
98701225
37811020
29208460
56881990
84151689
66189029
58479979
73509327
83134404
42951321
16537639
48377264
44485824
38517123
31273265
32170611
64313519
53115582
21977579
78868963
13950481
80732050
65899307
59217871
98496073
85990412
75757943
20582894
53619597
13928517
81049229
14635965
84940021
50673804
75472080
54764060
59159696
58388663
30546700
39832310
14944517
10290726
76691067
28996368
26314008
62058441
44659617
26590526
48378329
85086976
86297699
52502160
90711200
25391076
62851792
27797639
21723559
78052649
52702155
10085063
40798703
63857210
35182805
15593943
10183894
98967466
66301193
23855329
81641846
76779195
63375025
69209316
90046136
67917569
18806188
61507383
65614448
17759143
19911460
46071682
71242546
85984631
10420191
33328108
45856273
55423327
70691154
11707381
40632189
33362988
73799364
22703690
85726922
51547731
40669735
29836273
90234402
24531191
90215994
88255464
80714211
95713589
21540719
44978225
89142052
45491325
45369340
45275797
68399366
46584399
56200874
73656262
92919613
54085568
85622044
46934028
80170201
78491081
90242472
16842345
81818846
47252149
36830623
79602968
99298867
63209836
75507218
93216210
20843704
47300484
16413918
28644513
66225011
39830722
61910702
88913142
40781857
45396528
90325509
74025244
50097841
62052164
96532901
75124346
32060123
72094508
37629608
37648577
41161217
35732871
98859794
22356629
33653943
97818600
92296743
29742058
15410799
93012906
66909492
29042704
81791348
16378611
86019068
48355876
91584512
63995780
10779354
98837036
80471756
60354131
21707860
60087098
95086843
65582677
66316806
52994827
31840047
81814913
80084859
70988824
12276548
84249617
29034921
78519707
20047485
69176788
39845060
76323368
80819687
69322740
21601191
86641980
79553281
35549991
83114375
84290081
85362621
25861061
41719088
34662953
12916938
52867505
92877846
97602372
67102841
59148553
92685093
25917583
40588451
91876990
55475257
93245840
53352659
20205616
30546500
40234156
35127536
54507124
95533220
81791536
62531332
87275625
15360763
75115683
37850670
37196881
68571794
40365348
93931488
85241297
99751183
27450656
25423011
27394868
42895423
70111107
69259707
94734912
56803108
23667615
23951096
64466570
37927790
29013349
18735572
23974971
81484352
53748964
13072059
16121700
55970358
26705696
71759166
80370331
62525684
66165432
62533493
20620676
78344927
88308517
80419063
34610655
68944912
76917543
85055405
28350963
39926614
92334985
99872176
41885912
34747656
58305297
24763203
53763954
14216025
17023062
54415303
96478914
97232709
19213426
88173214
18775406
47695921
99092046
76357938
21060401
92959877
82060649
23794368
18452792
39285760
71533462
78591914
13010474
56478020
65596109
86901525
77357547
59439204
12087333
53344049
21989103
72433621
34958892
25043016
38272522
59852590
84796070
75732126
20064307
17598877
49348669
61551730
63472125
71768904
35157139
33969658
95011362
39950566
43782980
63822874
28469162
14281107
52591873
18269244
80816341
58413772
38948373
26613433
45872323
92825431
25880205
11888635
57134911
61469756
80362732
18696650
39516455
68660706
14964894
30454843
86419061
43836430
73435494
91489978
64945324
41510371
90200727
89463823
47879378
19213038
30578799
74859690
58629033
75101410
81303706
62979488
76079973
74521197
72273166
44528045
62876792
59489605
16360881
88669330
47420936
12123347
36684844
71263037
46791161
35807132
67979169
19451929
17706589
55302823
82889768
88801982
71730021
58329742
10868575
83100963
99000279
47520722
21638681
95599342
16285575
50677350
77524368
67860836
50925216
11232997
61415016
46202790
95541334
81334427
41323671
47605720
70978262
30387885
46198455
83180695
24109286
77664301
25219054
96626045
70283673
39881718
61456629
93203056
57917374
49677012
34456957
54995576
72342339
91002480
79350078
75869531
61859196
39275001
50536088
52998148
73109119
22852835
17926734
55728178
75709324
42911831
20792734
53933679
82796306
24350892
10353765
78462740
10282883
84695814
30583134
77176244
47126693
26372507
16990134
54990871
41424330
90542483
10317270
75284613
27626736
51287421
22396025
65107163
94177295
70597681
36205321
94493384
66728806
74524623
42680565
53422457
18180375
80029279
94503959
71750086
54260044
21647619
19998117
48805413
72316927
53029078
82390063
63181581
95221997
99622057
78935819
45794670
16646401
42836499
96594069
44446654
91413432
13506078
64731092
67703231
24778650
70757442
37302883
27645295
37493029
38458988
17541435
25733498
62383095
44283331
14841192
73862811
94130838
95292582
44790245
94523168
24010777
86175484
80419285
52485672
81246752
20071975
21757609
80720005
17868993
50356728
32780089
13747249
83733290
99184383
87289446
75314910
14201237
63965740
27104888
63949041
97733506
44858831
97880207
20942728
55102970
10083162
14800873
16515163
91460529
26439011
37425829
60221277
63079633
18446312
46816839
27336892
96940229
28640398
48551812
82423354
47990277
29525890
51631946
70342352
13407513
41582767
30077713
10630851
26389796
17862112
26561562
95113142
21568229
81892263
92819262
45855023
20398132
22871338
50866847
45402949
58853509
92505927
49689166
20256042
90552211
75071210
29535416
13076905
23714742
44978844
46397803
56997891
63452133
73149298
87864451
49543811
82309336
99802857
30472437
70544197
35250023
59372698
70878037
83361111
49261890
21590869
57832867
90328625
93202374
79532374
39241781
86201842
40407539
85087558
49989146
95914117
23713813
11729819
58441531
15316650
53004215
10677747
65885347
76042866
80536499
91066127
65778248
62519519
62605630
88847097
90094059
46219592
72148980
42812376
48768509
10564406
40815958
53231427
74014353
54287431
91646600
92545587
54655972
86315574
97376830
63969437
25095296
46606728
99751128
79344348
14617922
20418822
83311049
42103310
63435287
45773799
14187593
30609682
90716698
25722784
32046386
38149753
16570388
77750862
95174391
31920369
29362308
73440426
67324683
37537110
78119038
76854003
59321334
71447498
93420801
29473243
99931603
39176677
54045952
17575124
81184528
72964570
31443457
61141188
43664665
83148168
85129235
66383693
51234834
17781870
68190718
69524492
16833811
77219281
25177972
57402130
45009112
54220266
81879934
47818606
54674974
71886228
82167049
46773034
89091707
92080582
61142780
25489830
96054628
90556717
76138363
52282002
86453104
43914675
62056699
14109331
83037084
68029863
80374109
39442527
82192046
47412213
69812023
42551256
48807779
97171725
33944950
32276549
34167121
60066145
13332854
46845340
18257747
39179413
22444395
84782139
26863686
69045908
73589990
24420995
42798321
95356166
60478921
56893197
97598510
92000283
44901466
90808561
63653516
10568979
66678056
22412330
86512991
23142705
45833583
32318716
10327554
93025547
21600879
94189657
43512956
35049247
49351564
34469997
61173707
21737896
94641375
25736119
66552451
32243930
53363787
59479364
12052899
61891421
68448459
54244091
11192137
27798444
70880235
29646010
22807871
23046626
68662242
16314915
66124961
59793000
54859721
55829877
73108946
15774155
97980058
23002671
68307720
96747869
52916942
22984764
54376467
25807428
81962140
36153597
30228294
50595304
48731434
35451269
50208929
32698693
90007872
83120020
65079433
78985743
30405053
11659373
78414295
48383181
87966604
78443253
54452478
45252580
28405821
90034034
36393214
49356131
86658700
99530979
83043724
82884415
46833695
20371125
58264716
79552477
60243215
59506263
97349423
10350843
48582721
50893474
89170763
31188101
70523380
85019599
14838763
42919132
50252927
91359626
69270683
45527032
83812061
48610723
19498043
56129136
81503347
60298029
56830951
53412239
55299632
71324804
97303619
66618799
97603251
10251959
25959396
72158881
43177567
45643318
72530500
44567131
41522491
51895768
73754564
34229842
85821925
14644742
47833861
68875409
44345585
23073892
41175267
42172556
47660381
23381351
70060674
27500665
86571097
88247929
76717299
45071965
99536453
49707860
49042827
16443667
32949979
72441833
62454418
52678095
75448522
70509755
31635625
51206541
51946646
53510522
61212953
94993128
31824793
93379729
23866649
12733239
40978073
12098008
65449294
26589287
32611574
63032380
27833951
81134174
65636996
50783404
64777615
15662072
68275566
36642602
51137963
51038910
73289128
92933737
45539390
92297227
52932232
88447854
33797387
26687007
59485762
40260793
63868910
56871402
60565627
21609840
60908605
46409800
68647223
75829995
67614469
71688830
58855778
14976558
13224447
61023720
25413405
35667312
51876855
64053465
68606945
83894243
21579238
72240362
97651524
28347454
37728459
21092705
70001589
58111559
26362410
23439188
97597053
64548379
45846641
81553087
25896707
30122648
26102137
34945173
45814704
20119811
62099860
60167131
58278792
48106757
62965302
88828821
91189748
27030302
19125932
10763771
20329591
33960588
36912218
96982825
57733616
85289408
58371394
60335736
19022062
42521206
86567287
29045410
33895095
47329318
84738760
74575326
99914488
54067225
86747020
89218572
44161306
22216404
11819900
94337940
69649493
40521759
24860290
43900124
50059823
35358161
38601910
86344642
82629580
17582913
54773075
57904572
98501670
87629581
23077551
87660486
19660264
25688558
84991237
55842577
10564605
20728357
52455838
48418402
62186071
66763535
13969462
62501559
50501728
28297038
15260268
48730618
95136901
95753516
77837750
94953728
13790809
18999892
67499033
93011906
18830452
32276014
30259124
81874838
15611413
32492143
82711011
16396137
87266010
26044060
12350934
63994062
23365898
39549058
84303053
87144054
56358483
84907624
64147163
10987849
87449860
44060106
32262654
45851539
60373713
95980626
32198974
96763324
75612899
12286641
84571855
72329947
55478116
48588203
33662314
57943920
72401764
93626693
95025182
69954349
87329210
46529197
30893555
87188659
27284691
20025911
82921964
28806057
54655099
83383244
74010707
99587301
35053877
90787913
99830026
80153139
70333314
21363762
72981106
74968670
39791522
13555051
22225887
16770979
97633986
83427756
59561055
28497272
42514849
92215152
78636401
71034841
84077255
51721203
36897525
74652982
85909342
19270549
98828675
47732288
80009758
75103026
99762507
43405862
87029277
45831730
83060497
98927586
99009670
82460677
49010416
27068647
23971987
41228659
99085706
19461478
24126557
70116169
36701749
72806129
63418969
61168681
48852518
13162274
73172088
31023635
79886632
92012966
30653682
51711242
53808719
48549151
44670527
53362631
42806283
81688610
22102423
69528356
57164941
91731608
27238379
61440605
34558276
82512015
71739723
51000927
66586698
85084878
93617294
94074709
83776226
72897301
15744716
76379709
18930415
93230237
10313069
56143293
94027266
46917214
26277393
61083044
30118740
73861868
67059870
50236044
65532097
30164348
57897047
13384492
88661368
95296665
61292052
76054415
15219819
53091736
14518073
16261205
34878367
50323875
90067202
15338003
85830455
48066588
22835573
15357891
47094872
20314172
67692451
39146654
83585807
85507524
84114394
46405936
58151029
40650857
32400673
34053438
73018212
77804808
48530035
45639502
62062684
55865371
57700844
46359225
43229289
95190699
42436246
12494179
15272445
22581971
40033819
10281593
73435568
13317166
19470209
23838375
79331806
78580316
49381194
11147434
94951598
84077570
53414679
76388449
47473801
32398272
31997909
21390892
48443248
31388617
36207827
92367591
22073914
98516979
41947795
89449994
35231961
90610607
61386985
61128921
86776650
64207153
98972711
56990016
66386794
90613455
89358420
16702149
15300084
15763095
73263632
72315335
59671779
65850062
58166244
66012639
72763082
95646783
17759104
95215663
90773939
26454573
40819659
47656010
48874099
40075164
49011647
52569081
57641422
81369963
20335004
40329821
60546351
26631643
23198924
55078686
86145233
43326198
70503957
18229569
84681365
19452789
83106163
50364304
10922137
68541640
50489422
11402136
72723575
19095376
88417292
71629228
18229301
98078358
64640627
85830847
88445158
16805371
58073279
73593590
90667589
33078615
63754612
28070047
99966416
26032471
37584642
53899118
22460806
43804742
62217458
38578330
89534410
36636206
37409903
91423043
43712070
56139899
23836971
19460108
88192880
34559836
87348101
90344774
80802018
80524668
93412351
33722705
92480272
79281782
77567353
89016564
67889890
93533256
22914922
54992774
50341493
50174708
61289429
36839819
26764595
63508348
49504403
26773637
56161110
74387658
28570676
53270601
82399138
63099194
67549863
62100078
70884622
37017225
43446562
57233816
32563982
16729049
28160742
92307727
47692396
41240820
69664521
40863745
91467362
16996554
39813214
65359999
87392714
37979074
48666252
27599053
59723941
54034307
99228775
73142195
81033467
64310917
11676078
82580834
68862643
52618460
39084284
45923355
45616882
80246080
78938684
42080332
63082108
88972057
70170621
75618425
17437620
60937762
58585610
98319962
93880202
16044378
57099253
11011285
94160106
39197189
15184624
59093510
15642560
17016526
15387515
76166113
39875022
84567448
60296402
49799963
22691146
93485230
71928059
43152466
39223306
86488125
99955293
48340776
63208192
53832479
42468975
73047092
60303971
73312488
69965458
55063619
20705832
16735697
25616196
14094196
79612591
29150225
47548609
31746894
76256123
18439122
15449132
66824914
33377360
11943605
40859314
50661277
23842326
28397238
36773575
89651866
61575592
88548463
31270186
75960331
37108602
77641161
86451975
27571613
73087453
29122539
51869768
88066542
97556724
29655051
19235157
43934139
69641587
94191641
52558267
61951889
86329799
98951427
79085920
15037053
40647276
79791010
21369678
93496826
19528724
49010816
96670132
12997773
55707387
47055129
89780904
21964859
72775151
24003897
48983284
79452284
11597863
31157706
25589376
35815124
23481217
29690887
50171876
33919016
94722033
51633732
24521753
53576110
45461323
66984546
17533922
92918382
13200615
18510329
72123019
32069841
69413476
32731286
17363105
15260369
14909395
49186807
45431099
95791599
54129195
77316849
35381734
43841671
13550858
87940240
66906543
38713865
30357175
92850564
61067785
49060917
86649412
58079270
21710919
42257257
10937385
57656222
24913640
62446949
29084045
48327325
98720124
76470245
50856265
80844914
86654746
94822415
32341639
48906642
36425522
73218900
60422170
45106273
59371495
21883251
55454063
68315657
56583833
43200652
22454030
56049289
11569583
36767902
65121046
34372785
90249753
16235285
57717749
14392803
39870135
69061247
98635268
83700593
21767823
40145277
85362855
60525253
90552623
93824229
25331023
10731102
62481237
32849657
76136995
40322318
43185893
66247225
41704619
65949458
18579479
50155101
60599806
67574424
88850118
99386991
82341258
37270118
24218920
28245892
44795923
23856458
34887601
98994098
29088746
63831088
19585806
26686463
83902869
74894766
52340353
56235599
23129412
35441071
45511108
17360810
20891951
48900407
67400983
73420665
88262773
43869308
93959549
88252145
69940434
76566899
76693072
97164836
11062073
88512833
60874801
30185218
82618093
84535505
74863931
33624067
87938874
71063860
28201705
62283916
86320538
17504529
57896304
76471772
73934987
68767871
11820037
22422584
61921141
75942823
94707972
31714245
29262353
31191979
28718038
51521778
22912980
97709348
63252371
68913431
58007481
81748673
83655125
80828563
70715520
85411502
36469505
78576001
70646586
30538358
36560995
96168372
71874860
31577008
13682075
53893675
20039309
81793023
14094383
36129738
18214595
28525291
25255429
67487229
82073767
92350598
17650573
46468837
39280789
71790845
10384272
66382358
10478240
36127914
96321890
66466720
94308144
65311855
10471053
48166758
91611434
78393015
97799220
35666210
79062145
85756025
85898285
79452834
46286624
99921356
12390376
83284197
17999722
23044270
95623612
68791631
20794999
42887131
15032254
60259989
20053633
27580201
13287060
90419573
60929554
64160075
58202563
69917059
51181695
52358134
96119789
86380061
86767381
15712488
94304834
49329484
52984093
36839010
19726411
16405151
14064701
44972795
24697902
73250468
91650661
28167374
23300777
50483686
84354936
62750565
99314723
79443522
22277052
71488503
82554742
47673810
32710630
50810925
95371529
25504500
38841117
52146290
54656504
35800748
10508404
93212993
88173492
30989427
14426760
89850053
96324911
92012635
70300042
93681183
61013081
72956318
59278209
94643075
42696202
35056913
60242872
30454170
74733140
27628081
57756063
89907461
54816511
85560932
73785777
22092192
26678518
10492510
75731997
53231839
78573768
40761363
68073412
24563859
33481354
96786244
79632761
20483206
14780541
89954370
68272986
83489739
23314537
68872328
33801355
47075642
83738869
16020755
42377644
84598400
34102085
79301542
85328141
92275600
57093476
68506681
33326779
47356380
20387271
99129050
23683605
37136651
19011487
28393178
15267024
55184930
18972835
80266920
76393402
51959886
78296137
40792405
57519603
72627822
22758854
71715131
62763141
34589566
26788883
50835191
61565997
66331441
89626846
59451970
95745049
93043568
74960514
97881908
41718728
17865115
36925615
27642885
30419723
83424677
12479709
27850264
53576106
36647101
69341877
95045660
82960843
61269498
75529001
19262690
54131100
92563654
68982057
75929002
34988322
70321726
89925146
10548008
69295043
95161166
59668478
35709630
86484999
59915554
72461501
20289025
44941141
34374871
37477345
95709190
64257695
33745427
76207983
23072640
94689086
55597248
65520876
24625321
73697594
85952773
53376364
80343324
28576419
78978541
94516812
12550850
14921105
17898668
78192890
18808847
20654013
74900053
17101047
35851524
68958108
83687102
58277864
65761234
78675405
77470869
58564808
22977742
11293121
34154831
30079653
77017396
22751626
83697654
82554193
15142299
17715818
19737570
11928854
75631568
40850332
48370276
79771039
60440215
46650386
10045445
65161730
29890183
48870916
90982283
75725140
72300607
68709206
63982500
31761451
20099469
62785880
41772643
72493043
50801251
25467493
31811610
66038827
49899733
71600821
60375408
71409144
56008720
80340239
39424160
16968098
88331896
92380714
83295487
11684992
89803542
31600821
88720042
38671026
84234622
29644853
88762037
57739263
53226823
22859592
40497767
11810597
24702307
16544404
87578846
65716393
96504959
27917074
95326420
31221759
30477305
30368453
26213438
72329467
31642491
22889965
44974571
91205907
60104618
42986828
63872649
12785573
45221608
36949590
32677516
80317197
12063984
48173398
43225033
33037790
94623045
80170563
54992312
44567417
23588528
78997905
22367080
86128419
74441736
86595053
21141913
77244070
98691839
93583505
96928865
40685834
75093565
57702663
22890677
38646137
21692151
66951923
58944051
38089429
26992837
97753405
32539892
24980246
73265703
83622713
73053545
51217834
87671980
33409761
99593697
98704571
94044770
68303672
16812259
44468581
84228544
88779879
20753592
27165789
36964483
51162893
59479802
45817924
22793547
87272933
64108281
76224354
91430773
99822855
84108569
79373412
75829455
42914438
60282777
18624548
93938291
94846250
17226816
97383783
94464692
38388826
18330142
30498565
58843747
31398213
56677695
73715892
65765093
25675789
80006760
73734736
97463530
56548742
62045444
86946281
65266498
81612915
29457078
74203146
23191407
54816027
32856206
97176829
24128271
15105745
95217006
54691321
16302322
38156328
28811615
10468789
55503568
84040980
37951763
19227609
35726049
42808530
10275777
15616159
92065913
21449366
11243313
20321064
93795691
19308218
70403895
52579679
26047542
91241372
79610670
14708734
35555629
74219011
60577634
71465888
88930635
17862680
37910484
41940134
22421963
13964686
33742267
95097751
57934560
35661813
51381352
41319439
28948498
53798247
67172799
49468026
10144552
81939523
89338089
97343876
77115088
15346930
51576324
12026935
69296342
47826286
27553378
92473398
39235439
75647601
76780813
87843850
50211146
24491264
21112087
71552695
61222085
66988601
97028806
40506777
55428401
28016511
37447826
24887969
53788044
43442779
43337399
35807740
24751911
80542652
76025335
38832073
57010489
99020755
96658709
90389709
43980383
55110499
27729888
60185526
95290561
35512340
40170717
86620374
38541545
51287211
25966277
67254196
45739262
44548132
85839082
59614214
49610657
67266061
26615679
71596668
35433740
12112794
71774626
18722011
12624127
20360431
87828427
14523162
88023328
77371667
41951247
41286003
24694507
54752531
68060399
31628439
96078139
75747335
77368762
42560525
98865755
90159611
66109532
17721453
24365228
98640785
99881869
35553224
73141870
44127894
22486633
62830846
47415495
38582453
70158754
36211679
82704409
26673677
55398648
75038826
40319658
77395278
77440176
29222255
59744839
66076686
41551759
13774393
62120486
38703717
43354327
14818067
19622550
16735789
96831100
76681969
13424314
54262919
81795014
52213512
67485493
36788726
23812667
72868102
52610048
14218744
85178791
77337060
20775305
26705110
83083569
68461439
77117468
60305705
95704766
85203788
90149428
70854929
50748829
47779527
24293886
20434457
21436335
22201661
36970841
31087482
87204326
24397367
48894188
68241911
88262125
59131318
50729482
34657063
90454886
11297239
75438945
97803619
52154057
82068392
81171655
34923007
79329675
26527026
60627055
71957185
68624441
11801999
55886092
24376734
27636741
94789365
92801341
62304565
48836819
42873951
96493111
61557585
43375705
66304338
86952421
70512636
34129488
82450698
48937879
67356409
71387119
47822896
47651091
90604104
65571746
94418493
84553025
82308868
61804637
88132706
10369132
62649759
43048395
99641876
14228130
71264192
97510366
26777279
90159713
77430254
93543915
60277336
72924698
88223496
98592336
69121911
87398232
34989082
46388168
47157093
57792406
12444509
39623663
52044560
37957323
49717155
75404298
30350651
49437902
82940804
29960565
95917458
16978857
10542063
95348814
87409561
49473509
69968603
96782212
25857992
82283318
11435192
16547047
50440448
39456851
48792343
41324419
52190405
68338691
78236073
62021940
24284723
63777856
69298758
78688271
60700893
51384601
43534357
91378487
68716296
75632657
35628001
86120881
20845106
25531251
18583103
37691944
90180116
20823111
56266901
76000325
19958212
96871912
86587373
36657322
33299074
31596975
89543546
96155927
80543345
13330361
79683595
47001401
93274755
20853533
78789380
28824363
47475690
56182940
33473657
44958860
52326194
71280839
86246411
10420836
82890924
86978028
95882083
30465174
27281744
21503857
77231562
15728967
66707832
70269783
37930422
87436825
33876238
94357076
41849868
79687415
27979604
20508552
67457906
51619602
14877782
35110927
43528521
77223019
99925037
92237262
92167036
35561539
81317331
97906348
44001834
17232648
12439127
57085901
32325417
48685066
55955553
39890857
78854076
18894778
21485187
63769376
47213470
18620063
72956974
82555781
98988864
20925110
33227027
58980170
81746492
96157675
84609325
83947335
60535335
86892282
50722610
20208646
23028886
38277951
76438057
59298445
40554198
40101704
92359687
13587388
40477084
35351234
13156441
83923000
31836396
83955119
77192846
46128559
48223783
21597565
37544424
89557955
65170250
35919980
85743224
63778805
28004088
39694295
46948994
30465850
35974604
91507287
94520356
82816647
88068149
12848541
68513141
48302803
67699448
13988871
56553420
49314518
34755772
92321481
75863865
17991718
41514085
52765306
55542177
66954794
90385813
92433189
28225651
95435039
99712361
79305986
46175556
68491274
98898590
75714791
86051465
19861374
58541796
91655669
97308728
59015668
98485409
84511076
78150968
21060349
50091789
76669325
69075689
32280699
97842773
77666369
24412172
11971503
29842407
64315506
95092262
67413532
46492410
15153354
19124170
93638472
66181569
53191232
34392716
34637858
57694974
83317280
83181709
40654288
16478158
31473503
47146837
68769205
72313233
72196804
42218802
80427411
20279349
38291727
90634983
17365045
81777858
71537326
15906969
11407776
28966677
63106510
99546563
25500127
47948552
43251537
37975505
33901120
59950185
34106929
74450595
91721701
31370046
90985457
58857779
23905811
30843398
60434455
29529344
52557767
99369733
97081758
26236000
47668132
24953660
52839360
11449447
24143644
32276542
52948436
97128564
46937709
73103719
72562672
90037895
39555343
79843452
17897787
23886938
88488957
57114767
58475334
48853086
10601462
86927206
54347540
52326882
63724373
75933884
50840194
42990638
62770712
63646034
76600821
68003405
86623869
90138347
79821616
69641493
64561262
39581430
30519628
34216233
69129067
32360890
50078840
14655444
56666287
17242422
26281157
34404936
48167473
31959529
26097348
93971493
89084810
82959407
56484940
86927238
13516369
97473570
86533161
76154482
42674112
78616209
68183628
48972762
26239269
56518009
37110270
79933655
29487795
96933748
30000213
94436305
42816403
27828961
11387781
30303503
42172124
42912567
14884502
48929361
40105498
13775499
73172022
44659001
24273500
16130122
29225637
32687406
67612994
80931416
66643577
55620078
96410269
18108541
55697639
45988522
22806943
97692743
72153276
72184347
71676872
81703750
53432858
31661399
22823849
24813171
81621643
37205534
79467976
41992046
94592863
82207543
47529765
29136313
40607777
14132514
71488838
47833317
89760796
61701536
82134929
97501665
83430503
60968324
65190029
79204062
61928102
96141079
24115559
36532907
28592398
68015470
48826900
73206367
84827626
98167827
53420721
50419449
96184990
97107736
17057323
42587548
15285019
36148436
87403279
73698099
27012768
65998846
86441258
19924488
78896083
62737643
88130235
82606538
47438644
45203992
77006668
88283536
49264320
70360626
76324096
30915097
86188538
67629519
95167773
97275719
28238345
34355476
19265361
50856225
29006672
43843485
64141559
83613576
34005196
17574663
10898441
98616154
73785459
26457404
49192991
32175313
67859219
33295769
63840792
37080600
18592726
84699819
62302213
57301722
99534889
15096626
47830879
12007530
83873909
96420960
36280316
53993234
76166016
65389401
61799758
47366642
67897097
34266024
66096446
90201014
41784900
22946528
54917837
37784160
38560842
55918652
61368075
51019998
37138519
92010524
10749079
16193691
62158914
98764266
60213099
68043895
27573202
45073804
36076752
76150145
97207564
98440360
42095474
93000069
60801063
57004148
77907321
83422690
46080418
82405727
71954862
57131641
88807265
55978735
30295395
40336282
61720023
33949671
32004654
70645523
58338320
87475388
73821260
79366667
40140298
57208213
66929849
75255020
81998340
95859987
48450777
38726768
48974745
30400144
23583522
16750593
12747751
51819718
71965357
89886167
71856161
19626357
49748868
77057275
11906888
87371204
13212448
81212381
80489702
63518876
14962558
66239280
97073336
21072555
71602452
54308683
22202471
56376499
52061205
34472424
35616207
37348579
88561920
53044602
14702533
10036364
35705056
67644872
51337218
14294747
99719956
63336040
41603141
16321319
80112382
30979061
30038692
63607780
83045235
73101776
76570648
30771303
37524192
17848001
66295167
67824486
25832210
99586887
23154750
16998383
79199355
45045495
76749261
11208207
15562581
58356766
79321098
95439967
35041098
82763612
46908019
67419973
87501899
27658850
81221770
51832617
92217065
46200203
24052877
78046621
69356385
92590166
98132923
54712979
33663678
39028901
20018633
32303953
21796380
98543734
16239343
55281758
97801774
95809914
41561283
85145329
99094276
68469399
64635815
68000765
97078204
32147335
13540199
94827818
49496108
90135299
55647331
36184641
30689948
75451266
74362695
73284861
65334556
66522589
18734759
70301780
52292300
13390779
68751598
30839587
16361731
43767208
89487090
24148908
52983000
77254372
42677410
17745570
92785622
29995647
92380824
87137628
83852437
52834499
13657066
58633073
59138351
74459949
48230115
86029518
18022077
77162854
62211166
32675157
36358444
68232229
10424687
84617334
37707637
19375618
15509840
35430279
28107374
66676554
26922115
92641151
71898262
96553666
93148123
61476512
81128100
81862501
11904737
83951175
35893465
63688696
49737661
35661825
65174911
69978243
67914087
90252750
40717517
19336240
97236693
94737692
17506617
64917098
68485616
66195481
86072558
30883442
27723274
78805731
45658633
56947341
28022654
98996245
20716541
47795883
88165386
92239361
74526413
28227478
48486075
18921618
57909035
44273466
87511448
13678378
24746388
14081524
90376278
71906432
23427013
98998380
75552193
74715348
76804391
16832253
88144783
40383392
61554940
59328326
19248911
29979486
73712264
44776080
64808531
96343251
78123700
37460628
16944042
87430838
44037898
76966182
54703786
32502638
77697303
24350447
25569849
40358383
20894450
72430870
21362716
42316652
79785206
50685397
45936534
37003959
45063437
12443868
62021297
51807161
77803313
65507667
41371557
41617329
76125196
77187324
42445254
97052280
11154148
57921867
27725041
24737834
82607748
76097232
23662117
76473204
47714580
81264583
97008655
98345951
57404451
26828024
90156374
32031301
89459052
49755738
11318829
19317270
11500294
43972097
31779739
58204787
11208128
71045413
16879489
53598231
68008487
88502400
31936522
35780799
23215868
67620250
31665797
95765776
43534941
77180654
55183813
68549976
17843417
38862193
26453425
44017461
56824454
81320737
98898362
18835188
46126874
83201159
89212610
67377896
81303209
78141117
79761223
61035153
35911534
77915647
98699789
50993147
73620903
85599029
49233874
66585425
82796207
44997828
94967322
50179842
71178111
59367263
44620066
39275947
20703822
35206791
89481892
82208382
29890666
76219020
65981352
96290583
81777379
39443042
84911523
86549931
58270023
43338120
83601107
57599765
10736549
96284689
76425078
99570003
91878853
15920330
63456825
93515467
81746262
88176043
57570719
91692967
53124004
16807200
57603918
56270541
79466840
94284181
43163830
43210906
32976893
12598525
41981660
58095219
74073438
94427848
47448578
61343732
31219492
27175320
85377229
52914118
47537692
12371361
37976160
63290963
91022878
43679418
36926023
26041711
29800748
37454737
32782827
48753023
30151628
17474991
95695810
77982689
64366763
18503219
38122249
47617898
50882229
73175375
87821521
35181754
11709653
39579719
92280155
93996861
88026046
40029487
78135021
18336543
29690657
62956927
95302488
51206332
58836733
89253545
66865277
36055396
91901099
34974290
39835496
74718403
24837791
32807062
75630857
49713573
16086233
26230937
26774425
89270395
31410824
80800492
65502999
24215164
71582333
35568831
25012563
32447135
38740706
43080166
47009721
90354823
76755289
99007207
18205293
56427370
27984786
39180571
41716799
98536630
91741719
40283846
82756065
24168859
21716518
54162699
28065235
54571281
21583999
25639510
48304977
89085762
33906439
21563877
48748038
74879260
85284399
32310490
28642226
43220348
46838636
99116190
28722234
90743388
70853950
97707785
66824985
11562951
84748660
36771371
97672860
11684094
54797389
93781099
20010717
14372946
18836615
73703321
93352490
92722666
12834216
11090756
74244712
65053407
95026093
87522238
25605430
48544188
31738884
40821015
97826152
77866792
31359611
54794471
72929487
78094430
33198813
17539247
49202186
66902041
85296377
66301249
69731108
64167950
25963868
83327789
87720598
91647988
25705463
74293360
38289689
19550703
98761639
70146227
10677806
60522905
35503265
73518565
70927860
12804148
75737633
26334531
72248315
79737240
32142137
13106437
80105702
76375639
43460963
63294682
44863983
74863225
66407158
87244385
39550432
73080882
35062652
75064907
13650273
14955409
56394325
22197772
83436905
21805320
11484953
37469999
37217682
36241595
69828086
63610181
65398616
85041095
50089020
61610764
38508638
20937639
86568478
57452355
26417464
75659546
99891332
44859951
96522436
99486218
41149445
66709629
36944487
59187308
13949370
50870029
97424290
16715983
21549024
97846922
17596334
94595123
40496296
60250284
55354446
20098330
32851263
92461815
25638204
33544673
25589629
24768948
10925719
93999141
65352150
47656129
65126429
11222889
57176896
29540866
87192599
18275926
16290513
85755359
45568999
26702323
72852170
66395315
80246066
58437909
84353430
84966562
25422619
50681677
46603285
56266883
15427032
18042401
63525006
63585686
55684560
92535334
38084083
56680196
70965966
40152716
85962346
69284847
43612953
78090025
47800514
30532207
82748779
43276554
80419188
70835654
91151777
85289364
93497065
94145438
68490865
79203354
41399627
60139851
28567668
48021025
25632692
54789804
51778255
98888093
48455229
60149236
47774254
39434641
15817336
31169094
74081634
12162623
33777757
80956614
19951936
53379319
41529093
63962504
30223301
88493782
85582388
54591562
11928597
63423133
25507896
70694139
80391511
23254495
68043854
85319723
78134459
14896670
83702444
89020206
51544680
38702246
54078538
54087383
26426665
91834957
50932845
40157632
49598138
42439555
97065917
78563822
30410862
37891256
16639441
40993523
71224978
59380681
26752450
44138562
97259600
13872805
34858318
87513644
72748928
37066116
12008513
76036113
50902770
26461122
38120561
49463649
70688690
12716407
15751260
32722625
21923614
43477346
51981464
92783742
99988353
21750879
34956616
54905301
61433620
10647971
37640034
25727742
42475275
83810323
96561084
12274551
59680218
77827998
92377991
15813231
68058266
74172089
79868329
64258883
99908023
36747100
10673300
10632105
91836822
77707365
71907480
13774437
82032796
80534237
27961509
42672990
75749139
72034774
23942066
42735519
97946077
59290823
20795292
93604582
56795388
48570153
71329839
54822301
92108147
18980252
83866666
77881739
58917352
76729966
80242136
95763176
95719102
40236076
70463170
61059748
52792276
48252024
18843396
46409296
28732362
17379473
54847219
56817378
12192378
38239743
29831825
40048396
50735046
90998143
98250007
43569737
36766920
71272112
45324728
25704097
27313795
14899085
40379887
47561464
24072657
92121343
31746240
75334237
40996419
76574926
46809101
45624480
33499271
12809317
32038447
81434936
51155429
19344634
99899427
11759694
91117532
27934960
33971336
39524721
63690337
64856899
60465587
70817902
92745723
94033625
19582191
88052781
48789291
27290803
11338418
20344738
88626133
36811933
10365309
91958548
46006714
37197132
35048268
76327323
41977103
12987513
24294508
13250329
17603908
63958562
79773386
69600051
66854979
80359687
36496855
11701989
69883360
33673112
85880037
55662199
42232875
74570055
13885096
21603774
17436078
19800920
53010575
14985005
63647694
61902107
66077121
61549861
89027919
86600774
66883139
64740501
90167428
65043551
72550860
44971927
24004313
82358790
48191843
38375475
70574849
72101181
95013743
47706938
24177712
68668079
33331954
83802040
36169415
34868771
26929896
62551631
93036040
80019863
47579282
14528754
36401054
12273869
74275538
16954820
89641680
37078448
88768529
48099124
29258582
37388357
68890337
12245118
32861537
11179444
82843425
69734037
88762598
89339839
27375663
84753054
44706023
54350437
18659445
61567038
89539869
27904862
71324885
81658286
12744329
68213983
43446749
45138772
27168711
81032050
85930863
21356351
49021563
18865052
87231043
55601116
21259758
43269723
13652497
10087384
96745407
90362279
67666133
13153558
81715028
81443685
46583494
96745385
71781715
50744265
18491614
85862035
45528258
99856812
25608297
33790850
18892664
29593803
64991886
39055120
48283133
42442891
56958432
61545506
26403086
59045118
77922364
52585818
96204725
54159207
82938838
35965283
61938657
25312778
54132186
75843464
73807992
54368842
18759547
92162470
65741061
67523663
56927811
25479422
66171056
55379527
20500769
69827889
96752604
15403266
36379679
54181166
78622502
66478767
43690447
17667849
94334911
44600473
82053284
48062453
73123847
48064301
54556769
18870568
99837514
21397284
64161705
12345093
91803405
73972802
88428894
81898013
62861928
21619192
96997902
28072907
76950563
85946031
54102661
89228638
66780106
59928354
63136403
40617698
59195665
84335776
20660373
71776965
67883767
51873912
51906333
76686736
70852885
10311386
60353931
65686602
41020910
60903706
29461023
75499057
94366112
54736155
76697229
85818338
41564311
72462324
94608402
35063048
64609551
16432935
87798550
70247055
20342024
69479735
90945761
36582261
15812446
66963363
28179773
35489302
80784002
67476060
81879813
95791826
15537507
65700843
14293089
98948226
74463802
45612762
64426883
26263198
76499333
92919569
15708052
27612651
50783049
98312098
99682371
68978401
54593162
37249634
59863059
99361718
82715481
83838337
95579394
63518422
11671844
67115751
67215127
75164816
84678957
31419758
89099918
14797332
61169140
20273243
85808498
66004125
40393434
15259007
97623538
11606086
37823967
20850907
98385686
99148170
98084565
25735514
46058146
68599307
97898388
27419867
48760692
38916284
67090314
75940228
52664381
87698952
27659929
82805269
90556201
29793575
88345586
81071349
41234957
12965322
23192983
36828308
36605197
63089935
17429168
56822171
93137596
35732419
17423528
23667435
19804747
76937604
83869109
52931178
37774557
83344530
96034759
43789233
31304943
97282514
55045707
11312018
83178928
74661763
37612983
70232570
16514741
68970885
61074539
33407287
16715721
22738219
75927656
26919603
99560865
83138400
40186823
62626558
41902064
65091863
34504778
80035077
49140666
41705426
21196766
69209119
93188235
78933088
10696276
37142072
17837618
55865321
50072273
27527737
60523846
96119143
80285966
59873919
68784658
73681317
76950762
48876881
90168812
40761848
22767792
80168372
68946132
61505463
68181382
88033441
50499172
59506578
77949808
89048028
48595357
99513367
29568063
86600035
19215864
51183656
41525287
53700384
20502522
18603519
26655339
88883505
70733154
25582200
54503562
37804433
29253292
27563703
89233181
59356760
70489661
50967639
34282834
78317037
88090154
65177540
82134546
42197386
55220437
21326728
79261164
26054788
64358286
88523801
53894684
10314283
37728687
15069352
29671484
64452740
17635686
77381779
22514694
32384239
32002978
89779315
24341067
66189490
44686290
28530960
23443460
82090534
90947178
25495221
33290585
47770379
78226364
25121410
22004738
87395925
67721814
84253913
31652269
66449844
15996096
38138768
27827256
63050227
96237600
40056247
29016798
42760644
90290515
17839287
50660527
33701180
13822038
65704313
55991738
31077037
85303773
71400063
71164167
55227614
85321403
52189197
14622076
27883539
89795643
43177680
45184389
99203642
37516478
70602387
17869231
59713820
85682633
52378899
93527999
29852559
15651210
89035899
16892202
26344343
90773831
47933512
45833286
22252953
23999894
12051574
40698764
69923869
59742641
22324166
93427734
55036131
77390784
98140501
18136522
92438514
13248164
19289031
10086064
60754316
28643521
78816233
46328233
77248861
33262794
89280850
52079021
67073432
77504493
68851634
96345423
68918233
80789332
45995743
59807521
52190564
28085832
19150812
94757543
40501338
12249488
85935455
32945793
58664445
21423746
87328381
40718968
66141978
38387146
67044602
19882960
34301385
95459188
27192736
70878857
71543587
62470299
87733524
29728459
83231901
83457643
45381602
60705473
26619182
29104156
79246683
55158374
87560843
66047079
88193389
78932994
37692037
47143128
80123703
62258108
24969875
21819827
85741215
84224258
24548477
91755184
65728740
25929714
18228263
94868765
84770823
29131178
81114615
24295460
26665622
58371034
48323115
84595781
50674241
57427938
40833533
83201526
63185122
61691818
89723771
39508923
53454050
72030685
60398201
73882567
94066933
12780056
54343984
15654912
31681335
14685091
56849110
74197446
59738271
34207726
31208328
61054949
53034164
56928009
70825893
78474866
28039282
99808137
44893918
25555536
53921732
48930133
77034018
77882295
18962441
51323392
58087127
28458584
89030717
39852659
66921687
95204299
70504063
31072604
46777674
58267996
34209197
22449936
78337257
43988827
51359441
65538534
40422353
35464380
70948533
34189633
29956687
18004396
17652135
77117088
55504400
73806519
98169126
68225613
74620662
50845009
22799529
82377918
89917908
70334662
76408170
26257190
57813413
65022783
10979931
89355783
46105635
95435770
52717246
80890934
17447718
20819018
17888335
33679163
59337076
97578975
25353999
20585016
92052832
80556877
28804686
19818582
32362323
25658158
47265426
88554284
49026289
87860833
90442522
39614015
85265063
86601914
75906168
61168092
46328986
57681542
57394855
71875396
57794930
23297060
24806437
71712893
83430831
46512512
52745925
29150533
42475411
24569079
97217383
60791827
84753115
31742379
39926238
99197053
70402631
37315114