10010531
10011595
10027516
10029869
10030953
10049475
10050596
10054149
10070756
10081958
10084581
10100703
10101645
10107688
10119244
10146229
10194720
10211049
10232540
10234373
10240058
10246483
10250002
10252451
10274455
10277034
10279369
10281622
10300697
10303751
10305069
10308958
10323971
10325065
10327489
10350646
10351118
10364027
10370493
10391887
10408308
10415902
10445140
10448123
10460217
10471715
10472598
10477215
10477310
10483635
10493102
10504906
10506150
10508975
10512839
10514224
10520795
10521034
10533097
10564477
10575530
10581223
10586078
10587569
10591932
10606998
10652030
10653115
10655710
10658267
10667750
10669234
10673744
10678698
10679165
10698583
10716814
10719351
10731319
10744179
10765484
10771110
10778962
10780959
10781382
10802632
10808482
10816000
10819060
10832825
10853122
10864167
10869588
10873018
10877495
10885706
10929443
10932604
10939336
10940051
10944352
10945736
10965031
10972599
10993054
11001794
11011145
11021971
11033367
11034409
11040910
11043318
11048448
11066054
11072896
11083800
11086699
11099128
11102814
11106153
11128762
11144797
11148795
11167387
11172769
11180471
11209646
11218294
11220302
11249025
11256891
11264241
11273198
11278144
11279452
11280962
11282144
11283611
11285976
11296184
11300824
11334401
11335800
11354056
11362570
11381024
11396406
11428704
11431496
11435740
11442464
11451366
11464679
11504443
11513994
11542876
11548272
11550391
11557340
11569156
11579161
11579529
11581275
11582071
11583864
11583943
11585660
11592880
11596732
11597564
11600892
11601913
11650461
11659010
11661826
11680867
11692087
11694619
11698359
11713871
11718379
11719096
11724973
11747848
11749936
11773665
11784511
11799287
11803412
11807893
11829345
11835483
11844878
11845965
11847603
11859539
11876568
11879518
11881541
11892920
11918349
11931715
11936249
11951211
11972996
11974375
11980080
11987767
11989155
11996577
12013926
12026185
12038127
12058077
12060177
12061329
12062456
12062998
12065088
12088314
12088569
12102465
12116788
12190253
12200351
12201474
12205543
12207826
12215130
12222373
12226860
12240909
12255623
12260787
12282100
12289383
12313918
12323563
12330655
12334134
12335294
12335597
12374983
12375330
12389937
12413438
12424132
12445744
12467126
12472866
12485788
12495804
12496579
12522073
12524246
12532182
12542058
12544490
12544973
12553043
12554790
12571919
12572134
12580702
12602619
12637758
12640862
12647672
12659128
12681029
12689684
12693459
12708145
12723074
12754826
12764082
12765438
12769134
12773288
12775294
12775887
12779084
12783619
12793535
12801391
12808658
12811216
12812953
12815801
12816430
12824826
12826555
12858702
12872121
12877863
12880464
12882051
12918119
12927890
12934153
12940843
12941373
12944967
12953783
12962611
12965096
13006084
13015404
13028267
13028856
13030302
13036438
13048969
13076155
13080655
13098687
13103505
13104001
13106632
13114657
13115686
13137308
13141491
13150024
13155096
13163465
13167830
13170308
13176221
13180804
13183476
13186040
13196839
13201124
13207714
13221340
13223229
13224117
13225742
13225919
13238630
13245220
13267396
13284275
13294707
13306459
13307752
13310803
13328111
13330048
13332948
13340171
13341956
13365270
13381247
13396926
13404577
13432623
13433304
13441616
13463554
13465879
13468910
13473331
13474125
13486961
13495797
13498859
13524611
13531457
13538542
13553952
13557798
13588185
13597890
13598883
13610365
13624696
13627598
13637829
13641629
13647491
13651758
13659015
13664819
13696238
13706916
13709357
13738820
13740158
13754416
13760490
13764145
13766254
13781724
13782336
13794297
13800830
13809784
13812394
13813589
13819457
13824739
13828614
13867288
13885039
13892340
13893683
13898671
13909420
13912321
13922729
13926517
13930352
13941130
13951382
13962685
13972500
14005855
14023817
14023897
14041918
14042699
14056837
14068784
14069473
14072143
14074234
14074844
14085600
14095721
14103324
14109555
14109829
14110314
14116105
14119738
14124391
14124426
14125085
14140187
14145244
14149077
14169925
14172961
14173748
14179104
14219163
14221754
14231608
14231856
14233281
14238410
14243372
14246775
14263942
14275380
14298666
14300601
14301792
14301854
14307662
14317586
14320537
14340069
14371556
14380197
14402373
14407330
14409749
14415496
14419415
14435978
14436991
14441922
14444590
14449164
14468343
14477131
14480192
14486489
14487117
14497896
14517791
14517922
14518341
14534575
14535085
14535355
14546002
14551356
14556966
14558094
14560224
14566995
14581074
14594340
14596275
14598597
14632450
14635113
14658255
14659754
14664167
14683137
14688295
14700937
14727585
14732534
14734219
14774023
14781516
14801895
14802579
14804940
14810236
14820183
14830840
14835749
14852740
14857089
14868467
14880096
14910650
14915980
14916393
14926885
14930670
14936572
14958337
14960608
14970257
14987136
14988462
14994707
14999008
15004637
15033202
15049281
15053857
15062223
15070771
15081393
15085252
15093216
15102000
15103282
15111637
15111880
15139917
15161173
15166059
15166926
15180709
15183057
15188289
15188560
15190562
15195373
15213464
15216307
15221512
15223423
15227965
15232720
15233000
15234903
15235341
15248333
15260582
15268142
15271977
15294858
15298385
15312536
15313413
15315729
15320925
15329571
15343742
15352476
15355414
15375672
15380388
15390487
15400451
15402556
15425488
15434376
15436973
15443355
15456153
15470024
15470567
15486621
15491883
15504510
15522116
15541211
15542685
15555746
15561621
15571696
15575289
15578891
15579026
15596443
15598399
15599178
15607368
15619193
15624031
15631602
15645195
15652098
15653856
15665852
15675050
15689497
15689932
15695874
15696033
15702885
15704678
15713483
15724786
15740166
15742402
15757597
15757703
15757802
15766850
15779230
15781376
15784316
15791133
15798630
15829668
15832146
15846801
15853719
15888545
15896757
15910827
15911426
15912641
15917607
15932113
15947404
15952756
15994128
16011935
16020478
16060185
16061421
16078829
16085091
16094534
16094833
16095125
16102077
16115830
16120534
16122506
16125962
16131606
16137530
16147665
16155763
16159402
16220317
16242625
16246267
16262744
16279705
16300577
16327203
16343561
16347066
16347072
16355091
16366026
16375740
16377239
16379939
16380735
16381222
16393297
16400574
16401553
16403019
16406450
16429981
16430768
16438603
16467072
16468671
16479466
16490466
16509464
16525358
16526306
16534337
16537489
16537607
16538769
16549785
16553104
16558485
16575387
16578732
16580832
16607271
16613728
16620175
16622166
16644859
16649612
16655575
16658351
16684189
16684636
16692193
16698730
16714032
16718431
16723855
16724134
16724457
16745921
16752116
16763010
16793993
16796824
16809005
16816579
16829049
16829128
16831623
16832359
16863725
16864595
16881019
16886608
16890642
16892172
16901351
16924450
16931814
16948800
16951083
16966196
16967207
16976367
16977483
16982258
16989482
16989617
17003926
17012711
17016645
17020246
17022186
17032316
17046384
17071573
17077523
17095191
17110544
17122291
17125929
17132477
17136131
17138722
17153011
17153580
17154417
17167780
17190317
17191429
17197747
17212775
17217210
17219584
17222274
17227231
17248862
17259799
17271537
17293671
17304327
17309678
17311322
17341535
17346215
17348338
17357082
17357716
17365358
17366921
17370628
17370730
17379716
17395418
17400756
17442988
17446931
17449003
17458721
17463070
17493684
17495241
17501533
17521436
17521943
17538916
17558664
17564344
17579938
17588794
17596225
17607270
17612226
17613350
17617118
17624981
17638467
17654564
17658818
17668870
17669109
17672626
17673878
17691317
17700075
17710105
17713861
17720055
17732857
17748351
17769320
17780934
17782248
17785275
17795126
17804522
17818157
17818207
17821728
17830888
17834092
17839392
17839426
17842191
17843443
17855920
17895701
17899883
17905656
17908950
17911537
17920478
17931046
17953686
17960817
17967182
17967685
17979112
17980143
17981046
17983018
17988570
17989816
17996442
17997476
18005252
18010397
18036646
18038036
18044811
18055835
18066597
18067803
18081739
18088763
18097649
18098035
18099744
18108759
18110806
18115891
18129504
18137777
18158730
18163592
18182642
18194507
18204376
18214202
18215301
18219935
18224540
18225049
18250694
18262769
18277278
18299892
18303194
18336288
18346737
18358775
18368479
18385524
18398498
18434583
18454546
18454637
18476233
18524498
18527652
18530452
18534807
18539347
18546932
18554311
18572194
18572229
18589232
18609712
18612696
18613780
18635917
18638500
18655923
18658924
18689194
18694207
18697267
18700286
18700293
18701412
18743863
18749505
18757773
18782203
18792977
18798678
18801737
18801791
18802203
18832173
18837224
18837269
18846848
18892909
18902577
18902700
18904274
18909245
18924401
18925321
18930532
18931115
18935473
18936205
18942375
18953458
18955240
18962935
18991191
19003891
19034657
19037631
19038929
19044013
19048312
19053216
19055398
19061359
19063827
19064394
19067005
19072327
19080305
19091243
19092625
19099434
19102330
19103107
19112245
19134029
19136912
19145260
19148328
19151030
19154465
19155840
19160287
19161625
19170309
19174640
19279369
19282749
19286976
19319262
19328873
19338734
19339883
19356226
19359878
19372435
19374442
19378401
19387833
19390895
19416320
19425878
19445498
19486202
19490060
19493097
19493631
19502231
19505094
19511600
19520469
19530356
19535082
19537428
19545035
19563772
19566574
19567212
19569123
19569860
19591978
19602375
19605079
19612028
19623090
19634035
19641806
19652399
19683931
19684288
19684350
19686387
19692837
19695178
19698417
19717082
19726901
19729653
19729685
19732919
19746973
19756481
19760733
19770786
19776872
19780235
19785575
19819752
19830668
19856087
19858394
19866478
19888759
19904196
19932991
19934802
19940717
19951524
19957822
19960205
19971125
19971281
19974079
19994550
19999021
20021222
20055451
20059199
20076614
20077350
20087904
20115500
20121748
20139737
20146685
20158497
20165075
20182962
20199895
20218492
20222993
20225135
20225774
20231077
20235574
20239700
20246532
20253887
20256255
20274376
20294891
20302592
20334719
20344722
20348397
20389880
20410774
20417726
20424476
20450521
20452414
20459446
20479958
20494402
20498375
20516162
20522723
20533671
20535760
20540091
20545713
20546869
20548476
20558439
20559064
20565346
20571060
20571885
20597574
20609542
20614681
20630648
20661393
20661861
20674800
20680380
20687985
20696641
20707330
20707481
20714778
20728145
20729078
20740549
20742344
20768318
20769381
20776069
20808980
20819306
20821973
20833767
20834272
20836422
20840520
20850289
20853235
20882031
20892458
20895328
20902797
20909209
20914150
20932347
20933381
20941716
20974222
20975923
20982469
20990717
21014337
21015249
21021370
21023068
21029726
21041706
21041858
21047878
21051565
21061269
21062645
21066429
21075341
21101109
21109036
21128293
21134673
21135063
21135865
21139896
21156101
21159027
21166981
21182537
21201326
21212040
21233464
21249603
21253103
21256488
21283573
21291764
21302299
21310860
21313952
21315222
21319732
21322924
21327593
21333428
21340223
21356541
21363818
21369547
21370555
21371265
21385129
21404338
21410791
21418390
21421836
21424719
21425034
21427564
21452420
21454204
21456736
21461930
21507907
21560967
21561230
21566671
21584914
21589902
21589907
21599207
21599428
21600011
21612977
21616236
21621917
21661552
21663860
21675771
21686655
21688079
21690075
21711063
21715021
21734536
21740004
21754383
21755600
21759126
21764476
21769576
21785966
21786643
21793076
21794770
21808714
21823748
21827010
21835689
21841295
21847110
21854973
21866015
21867994
21869776
21873004
21875949
21881776
21885722
21890817
21898990
21923643
21924313
21925511
21933070
21933335
21945861
21965018
21968083
21980457
22000914
22007556
22011151
22017691
22020824
22021220
22027775
22071728
22077170
22078444
22124613
22135098
22153103
22153518
22161642
22168031
22181574
22183745
22184148
22185008
22186245
22199187
22200431
22205888
22212157
22217821
22218779
22224423
22238393
22253687
22257218
22294592
22299066
22303969
22313201
22320373
22327555
22334252
22343775
22352880
22372519
22374431
22384180
22389822
22409242
22418273
22442057
22446998
22459864
22468349
22470434
22479989
22487494
22493050
22493457
22499433
22503170
22512391
22515811
22565178
22581541
22588569
22593530
22598040
22601082
22646253
22652745
22653393
22665502
22680832
22684813
22692860
22699466
22732695
22749975
22759761
22761577
22786552
22791701
22800474
22830981
22836650
22848656
22884020
22886609
22896073
22897480
22898227
22898348
22912651
22915750
22935765
22950335
22953381
22956033
23022633
23029235
23043132
23049389
23052529
23064459
23066914
23068825
23078248
23078866
23084324
23105591
23108331
23114469
23141389
23178721
23191661
23205646
23234296
23235727
23243378
23269038
23297728
23308561
23308591
23310535
23327210
23329087
23343084
23357872
23359179
23378505
23386933
23407368
23449037
23455019
23455376
23479855
23480590
23484660
23486587
23487842
23487896
23528929
23530610
23551134
23552047
23555893
23558900
23569304
23573161
23581451
23590373
23590524
23602062
23606026
23613208
23619581
23624936
23645702
23648175
23653135
23660777
23669213
23683946
23692954
23697091
23704570
23731300
23737699
23744859
23771825
23773507
23792070
23801504
23811526
23813244
23827232
23827764
23843337
23858620
23861673
23880099
23886223
23899872
23906078
23906212
23910149
23933678
23938344
23967028
23967759
23975744
24004520
24008665
24029496
24042249
24047423
24052956
24070944
24075408
24090238
24130482
24132975
24135483
24164764
24182726
24185251
24212106
24216016
24222142
24239912
24243643
24250179
24267678
24274712
24287773
24298005
24320152
24321239
24323327
24335200
24338731
24343383
24356317
24359779
24380558
24386267
24389883
24391108
24394398
24401972
24410337
24413474
24427151
24434176
24442394
24449625
24450866
24467855
24468419
24504420
24510311
24518533
24526599
24528163
24543707
24546510
24552825
24557678
24566892
24583937
24585080
24594720
24612539
24626778
24629831
24644321
24650459
24666319
24681078
24684770
24692373
24698651
24706769
24707633
24721712
24736983
24757938
24760663
24781023
24781152
24795203
24809538
24820687
24840474
24841413
24848810
24849029
24850368
24870330
24873746
24887371
24890413
24898520
24903506
24928382
24938569
24941962
24975984
24976279
24977587
24988216
24993015
25001466
25003938
25005727
25018600
25020522
25032370
25035459
25046424
25075476
25084271
25086484
25093564
25096401
25098394
25109455
25113044
25123097
25136868
25170327
25172383
25173537
25173853
25176526
25186566
25189817
25190047
25210331
25234640
25246761
25247220
25249923
25252600
25262069
25291358
25315018
25347653
25350615
25362423
25364589
25415628
25420996
25421178
25428512
25428817
25446856
25448250
25461894
25466358
25470866
25476777
25478535
25488892
25504208
25506435
25517500
25518412
25525979
25546117
25550167
25558445
25564803
25564858
25595402
25619069
25627878
25634354
25643330
25653428
25653707
25655496
25657988
25664472
25670271
25672921
25681847
25683339
25704501
25716085
25733428
25734521
25744142
25750282
25780771
25788766
25794344
25797699
25816819
25833339
25845804
25851591
25864312
25868195
25881312
25892442
25915037
25917163
25919870
25921630
25922588
25924766
25933869
25938423
25947614
25962350
25978752
25986206
26000421
26009369
26016526
26032507
26035706
26037634
26047507
26059463
26071208
26091335
26092977
26093906
26105988
26106929
26124728
26129688
26134007
26136830
26143537
26144739
26149001
26149261
26153618
26159689
26171181
26172842
26177056
26202186
26222140
26226750
26227956
26243103
26249522
26258600
26262754
26265335
26278143
26302832
26306882
26309565
26321765
26331450
26331725
26370840
26373543
26377776
26378549
26388327
26389477
26405471
26409022
26413258
26416225
26419262
26425503
26426349
26446860
26452387
26454082
26464800
26496771
26501827
26510969
26521584
26525019
26525378
26529777
26538507
26550485
26552235
26558212
26570843
26575535
26576624
26577241
26578446
26583534
26584309
26584511
26586182
26593597
26599008
26614864
26622414
26625365
26664094
26664235
26670819
26679820
26695642
26697400
26698362
26713824
26720421
26723319
26725638
26732899
26733160
26735879
26740231
26776702
26787605
26796175
26818880
26837918
26844220
26848810
26853813
26867505
26873264
26881633
26882745
26886675
26894733
26910836
26918397
26924363
26946265
26952526
26958891
26972843
26975939
27011774
27013304
27026291
27028122
27036003
27037329
27045051
27047174
27070155
27073176
27074022
27087224
27094077
27097721
27106927
27120061
27120334
27135731
27161749
27168599
27177421
27188966
27205587
27212908
27215514
27222925
27227479
27230630
27248154
27254267
27271849
27285140
27299621
27309721
27312776
27316500
27318076
27355726
27364077
27365471
27374168
27374259
27383375
27384599
27386147
27404346
27405832
27417470
27418566
27421180
27445881
27462701
27469011
27469322
27479145
27483238
27513011
27523631
27527634
27530836
27554535
27559893
27564872
27566453
27567407
27573785
27586312
27591739
27598953
27611989
27622072
27623244
27665277
27670441
27675537
27686830
27694721
27699875
27703198
27720799
27745457
27746609
27747814
27753146
27754352
27796146
27810126
27812624
27815031
27818677
27831458
27836164
27840317
27847392
27849686
27856583
27859479
27862967
27876372
27879809
27892033
27895921
27895942
27910296
27922633
27932223
27943770
27959163
27963719
28001576
28008953
28010342
28029431
28034495
28040216
28042943
28058739
28064182
28069784
28094566
28108292
28112091
28114890
28142778
28148033
28152787
28163714
28165683
28179196
28182647
28182803
28187100
28195123
28203461
28214365
28239305
28256516
28264127
28269437
28272840
28286288
28288769
28308696
28313385
28324763
28333187
28333311
28339196
28342973
28355744
28364292
28382832
28394626
28398474
28409786
28435666
28440597
28450145
28454449
28468777
28469560
28479218
28496417
28501962
28506006
28508345
28509270
28532730
28533131
28533667
28540684
28542843
28545649
28558791
28565935
28579624
28580063
28584688
28597646
28611623
28614880
28615585
28634472
28640861
28646063
28650407
28651824
28656485
28656913
28663300
28666576
28679689
28685183
28699039
28720871
28744904
28750913
28754782
28758099
28779913
28781257
28790704
28805857
28807728
28814689
28820856
28832061
28850551
28863979
28870503
28883512
28893878
28897135
28938075
28950603
28955741
28963637
28965120
28968944
28974732
28991775
28996007
29004949
29006111
29018067
29022631
29024696
29033982
29070865
29077196
29093360
29122671
29128053
29138011
29162902
29165838
29215813
29218655
29226655
29228449
29241073
29243557
29256068
29302320
29307266
29311189
29311201
29316764
29343020
29345954
29363866
29376974
29381024
29399434
29406317
29415490
29419936
29423371
29424988
29433562
29465988
29467227
29480937
29484997
29507170
29510764
29514509
29525027
29551038
29558601
29570602
29578174
29580768
29580891
29591436
29603628
29603703
29639506
29640611
29640722
29641493
29641584
29655671
29660371
29665360
29665614
29666705
29695817
29707715
29713894
29715472
29717302
29717509
29730072
29749165
29755887
29759894
29772559
29772841
29776132
29780830
29804260
29804662
29808110
29824716
29825805
29831608
29831657
29843268
29853170
29872670
29905277
29942789
29955179
29960715
29962874
29968529
29969431
29974306
29975740
30007493
30010428
30011997
30018262
30019204
30019499
30020321
30027470
30030001
30039217
30051682
30080496
30088253
30089446
30094570
30113554
30140478
30150686
30156337
30158619
30169416
30177452
30184788
30188335
30191791
30209158
30249041
30267816
30272245
30279560
30293653
30296444
30306999
30309461
30312468
30328610
30332879
30374226
30380316
30384695
30391497
30396613
30402910
30407057
30407703
30409414
30412114
30413250
30427353
30437372
30438495
30440639
30450411
30459888
30460133
30461312
30477992
30503720
30546720
30549292
30564964
30567366
30577988
30614900
30617742
30618874
30619946
30624706
30629974
30630514
30630786
30657455
30665064
30665631
30677570
30682865
30701071
30728584
30765883
30769404
30771834
30775640
30801037
30827907
30828912
30854646
30860309
30885880
30898173
30910886
30915713
30925235
30931081
30935640
30949330
30965612
30977833
30983651
30990663
31014705
31020212
31024437
31050388
31055430
31072919
31074368
31075467
31097572
31101888
31109166
31129852
31134853
31141166
31143061
31144720
31177121
31177684
31211232
31220919
31229463
31250840
31264946
31290638
31292693
31294375
31297747
31325713
31330073
31332623
31337752
31341484
31356674
31370517
31386916
31403130
31405423
31406096
31415033
31417184
31427798
31433350
31436444
31449399
31455929
31456552
31469425
31478728
31485017
31504689
31505484
31528017
31537730
31547525
31548326
31549018
31565794
31591766
31592114
31596902
31605744
31617284
31624404
31629266
31634626
31646693
31653442
31662549
31666069
31678873
31689134
31693281
31698956
31702810
31705620
31716377
31719233
31722325
31723180
31723556
31728864
31736610
31738108
31740422
31760353
31778271
31780047
31782236
31786761
31787281
31797533
31802562
31817773
31836065
31837085
31840196
31847217
31857419
31868839
31882901
31885947
31889305
31900055
31902855
31910067
31915824
31918921
31926691
31929721
31954888
31964889
31965730
31966736
31970481
31999954
32019446
32022859
32025922
32045518
32047723
32050168
32066300
32071574
32074330
32074740
32082554
32084286
32092194
32095052
32096516
32103498
32120144
32143858
32144235
32156560
32161036
32187978
32189817
32212072
32220753
32220966
32226359
32235146
32269658
32275006
32275241
32276348
32279195
32294271
32302428
32305769
32306894
32310001
32335162
32336775
32347088
32347606
32347891
32355178
32360824
32364029
32368685
32369646
32393075
32394208
32407658
32417027
32424219
32430977
32449848
32481517
32482958
32500115
32503801
32507176
32534149
32546799
32563697
32565817
32567219
32571440
32578964
32585742
32586915
32588398
32588876
32589153
32599112
32600331
32607727
32656717
32690621
32708593
32718069
32732443
32733229
32755260
32758084
32785111
32785788
32793177
32798746
32818034
32824407
32826146
32827130
32828843
32840109
32846932
32858535
32864179
32888618
32890767
32936835
32946244
32953820
32961040
32961468
32963562
32969160
32977200
32981170
32986135
32988512
32994155
32997725
33001959
33011514
33011761
33014226
33014941
33035181
33036529
33040588
33044049
33081081
33081504
33088054
33094263
33098236
33100030
33111082
33120953
33135092
33145306
33150371
33153134
33156018
33156171
33156838
33168560
33177188
33186100
33186628
33228658
33248437
33257440
33264178
33283305
33288326
33289004
33291561
33294768
33294907
33297145
33302856
33304680
33323361
33331579
33334826
33339356
33341577
33342789
33353827
33367365
33371712
33392328
33409098
33413266
33447143
33451578
33451903
33467203
33470259
33473015
33492709
33516368
33518459
33518569
33523318
33544211
33546003
33546133
33548144
33551193
33551684
33555084
33566741
33578893
33579050
33585981
33588564
33589726
33601086
33602353
33607565
33618871
33624359
33624820
33625317
33627518
33634818
33641862
33648265
33651890
33658569
33662554
33665132
33675608
33694053
33709347
33714604
33718803
33758086
33760708
33770431
33770472
33789030
33789812
33794721
33797176
33809561
33830745
33834809
33835462
33839259
33846623
33868037
33883972
33891822
33905163
33911246
33913936
33944829
33973276
33998593
34015821
34029373
34031688
34044169
34055293
34057236
34060280
34091125
34091898
34095361
34099797
34102547
34107389
34115326
34120082
34121972
34127546
34134596
34142111
34160280
34161456
34163173
34164633
34179016
34184958
34187873
34196062
34196609
34203102
34204361
34205658
34218705
34227330
34232065
34270459
34271785
34290305
34301082
34314840
34319984
34321786
34354294
34367620
34372295
34377196
34385074
34386114
34390014
34392034
34393576
34398928
34405674
34412302
34417950
34422130
34437514
34452696
34456802
34460086
34460616
34477607
34478144
34497454
34501829
34514027
34528142
34530448
34534734
34542705
34546395
34548244
34553946
34565097
34571447
34587400
34589693
34604635
34609907
34612172
34618936
34624310
34639695
34646683
34650365
34677850
34689370
34714474
34716897
34727628
34736953
34771869
34777758
34778231
34778677
34779214
34783168
34790066
34803016
34844176
34845701
34848790
34855679
34856078
34870231
34898806
34908004
34912846
34913450
34934893
34942580
34949942
34954119
34962009
34969876
34979788
34980524
35006763
35023333
35028932
35032844
35043529
35062521
35072791
35083675
35098201
35105656
35132400
35140876
35174044
35174421
35183903
35196843
35218507
35221319
35269174
35269451
35276363
35277442
35279991
35286648
35286921
35308931
35319105
35321094
35321179
35329465
35346109
35365964
35373693
35376254
35388308
35390040
35394611
35399360
35400804
35414069
35414387
35418341
35430022
35438579
35461366
35467947
35469286
35472102
35481163
35488516
35488750
35491226
35519724
35532905
35536468
35541661
35558127
35559712
35562720
35563452
35565372
35583094
35586077
35587622
35600110
35601314
35621073
35623738
35631173
35637094
35639918
35641255
35641802
35642059
35660707
35666264
35668921
35673687
35674758
35677835
35690933
35693293
35694038
35694920
35695519
35698762
35703929
35708424
35718802
35720199
35721936
35741961
35751523
35756129
35764655
35773073
35776124
35777053
35802694
35818635
35828983
35840292
35855288
35856371
35862585
35863442
35871229
35880672
35887123
35902757
35906233
35907457
35914687
35922163
35923552
35929122
35949357
35961320
35963942
35966921
35969201
35973159
35973890
35976597
35982118
35994609
36001675
36011788
36017756
36018147
36028204
36037963
36041791
36045486
36045643
36063339
36063864
36093488
36105960
36117005
36121911
36122398
36122745
36126879
36142787
36170247
36178239
36183718
36201182
36236843
36238698
36255896
36257216
36273079
36280604
36287573
36324441
36324536
36328024
36328478
36336236
36357998
36361778
36365157
36366382
36394989
36397160
36397455
36422325
36426749
36431971
36435423
36440441
36442027
36442126
36444307
36452904
36456142
36465738
36482760
36485720
36487202
36499028
36538088
36546104
36567683
36574113
36596356
36618577
36619194
36625501
36628088
36630216
36650254
36665261
36666982
36671816
36680711
36690547
36697081
36715490
36730475
36739047
36742248
36753737
36757717
36762110
36762305
36763250
36763798
36764978
36766311
36792778
36798019
36801088
36809745
36823091
36823349
36839509
36841682
36864957
36876866
36884194
36890504
36899953
36903624
36913174
36919496
36922354
36934890
36938767
36939660
36943364
36951461
36959499
36964253
36971014
37004786
37011408
37013096
37029786
37033762
37041450
37051581
37055388
37060320
37062534
37071563
37075046
37088165
37088575
37093032
37093422
37106058
37106512
37113786
37121175
37130645
37131097
37134794
37141934
37158140
37168677
37175407
37179078
37181104
37214658
37216582
37222498
37228716
37245336
37257171
37262561
37305166
37308735
37308912
37320748
37330525
37339632
37357051
37366831
37376937
37380069
37382716
37388249
37398915
37418664
37424095
37424106
37437338
37447201
37454850
37467257
37469465
37478863
37480457
37483151
37487898
37496340
37509615
37517001
37518237
37531369
37536996
37538002
37545430
37567588
37593983
37599449
37603076
37603682
37608699
37612068
37618006
37622128
37623584
37636486
37636773
37656488
37657556
37661416
37662184
37670277
37671112
37673509
37681114
37691053
37704514
37707877
37714752
37730053
37734837
37737249
37744482
37748358
37752979
37782763
37786874
37797908
37799728
37802585
37803207
37807020
37810124
37824473
37825463
37837074
37852172
37853023
37876716
37882095
37888520
37897298
37914606
37917292
37921347
37930254
37939475
37946683
37948262
37953568
37955664
37991267
37991306
37992804
38018439
38019588
38021213
38025371
38028746
38034156
38036858
38055314
38064075
38066748
38092107
38100468
38105671
38106813
38108451
38112238
38115332
38134244
38151515
38151725
38162640
38172773
38176848
38182592
38194215
38195940
38198305
38210131
38219570
38222698
38224722
38232917
38244505
38251674
38252470
38263797
38263995
38266466
38270481
38274114
38276795
38276799
38291736
38317439
38319151
38329776
38337827
38340347
38349648
38355501
38357272
38358673
38364389
38364744
38368539
38369726
38375982
38376376
38380544
38382617
38383435
38387102
38421294
38421576
38425968
38428101
38429037
38431558
38434154
38464785
38471298
38486316
38489453
38494511
38527308
38527915
38530326
38530346
38534476
38536936
38545518
38553623
38561441
38562349
38567997
38584456
38596192
38608649
38619599
38625885
38627127
38637295
38681309
38681831
38683049
38683492
38686161
38704454
38705688
38705784
38727320
38730354
38731798
38755508
38756992
38765490
38768196
38769885
38780561
38781195
38795664
38830562
38835214
38838169
38858823
38862159
38872919
38892374
38906594
38910431
38920855
38921238
38925076
38935258
38941889
38992772
39010257
39012583
39012946
39025222
39026052
39033350
39037961
39051462
39058029
39058721
39089426
39106030
39116145
39135424
39157544
39167345
39174913
39176511
39202999
39210048
39221693
39223348
39247161
39251306
39252924
39301091
39336959
39341930
39350196
39350740
39351216
39355063
39357671
39364510
39376026
39379128
39381409
39382633
39383191
39392873
39401430
39402021
39403896
39404004
39418445
39429050
39433963
39451147
39467221
39482744
39485781
39508121
39512074
39513030
39532002
39545253
39550319
39560579
39563656
39568565
39585023
39598884
39624433
39624552
39627539
39628316
39637009
39642136
39644648
39650710
39667935
39674946
39684715
39692001
39706299
39711450
39711607
39732152
39734487
39744330
39749373
39758503
39768986
39769988
39790680
39805190
39805235
39807674
39829374
39833269
39836267
39838731
39845359
39857161
39860138
39861892
39864201
39867150
39868338
39872960
39874975
39902686
39913551
39923928
39926369
39926679
39927094
39934302
39947611
39950550
39951036
40020216
40031687
40056222
40086225
40097191
40107787
40115144
40124651
40125949
40131722
40137400
40154186
40161245
40165534
40177058
40181271
40185389
40233666
40238015
40238314
40252755
40254099
40254415
40257729
40262945
40265201
40273925
40278110
40292793
40293319
40311171
40331817
40340750
40342445
40348932
40349275
40352413
40356036
40358556
40369414
40372482
40375221
40408373
40422970
40424130
40426764
40440789
40451546
40458657
40458662
40465963
40473327
40480562
40481896
40484571
40487595
40504214
40507069
40508555
40513409
40515796
40518968
40523242
40546452
40553600
40563025
40567541
40574619
40583695
40584122
40596493
40604339
40643800
40660791
40672178
40675836
40675843
40680949
40681227
40686868
40716183
40735986
40750897
40770104
40770837
40772574
40782364
40792121
40827333
40835710
40845797
40851594
40872491
40873265
40883781
40896367
40906579
40911769
40913573
40915953
40917089
40917509
40928096
40934566
40936358
40936871
40949586
40950140
40966746
40980626
40988057
40991702
40992066
40995121
40997225
40999945
41004793
41006916
41020374
41037501
41039603
41046865
41049412
41077680
41080984
41086310
41089563
41100715
41112164
41116016
41123151
41124808
41132683
41138025
41144510
41145722
41164036
41168388
41174033
41194452
41197420
41201547
41224812
41243928
41264267
41269164
41299820
41308000
41327190
41346743
41347358
41361509
41370045
41382117
41384760
41388930
41389336
41390237
41394989
41395583
41395668
41402230
41408138
41430555
41430826
41431016
41437148
41461049
41466449
41470705
41471849
41474075
41495988
41496369
41503993
41523266
41534986
41541496
41549445
41549849
41554215
41567450
41569095
41571665
41581697
41584553
41615611
41620580
41636911
41640965
41643624
41648987
41650787
41651961
41651970
41660664
41664862
41685296
41692594
41703719
41717521
41724105
41724270
41733623
41742892
41750810
41751375
41755050
41764751
41766345
41788092
41789448
41794178
41797264
41798309
41841350
41844076
41844909
41869034
41898008
41901665
41906469
41926718
41930074
41930719
41933443
41933857
41957702
41958094
41963409
41978767
42002470
42016682
42019639
42020543
42025847
42032137
42049614
42065443
42067965
42068152
42068758
42073426
42076646
42080140
42082907
42095797
42102653
42125703
42144961
42146727
42152487
42157943
42161567
42178160
42213022
42222457
42245982
42247490
42272407
42295435
42297880
42301918
42306066
42309541
42312663
42314012
42331830
42337807
42346149
42353414
42356408
42361408
42392560
42404054
42415766
42423245
42427187
42429189
42445126
42456773
42457391
42466912
42474597
42482295
42487533
42493217
42509723
42515920
42519942
42534020
42557122
42584192
42593220
42594949
42611676
42618692
42624411
42624993
42631094
42632118
42638761
42640263
42644654
42648063
42653799
42659793
42670545
42670661
42673743
42676630
42681847
42683786
42707624
42709462
42726976
42731024
42732392
42746648
42768618
42770257
42777658
42783746
42790507
42794997
42803017
42814883
42816135
42825856
42831909
42834597
42837740
42847021
42863313
42883720
42898297
42899751
42901068
42904941
42905881
42909259
42931407
42949044
42951435
42974120
42996739
42998219
43006330
43006629
43007892
43012529
43019950
43024291
43027573
43033745
43035293
43047383
43060522
43068254
43072815
43093278
43096785
43103379
43109955
43120510
43142307
43145493
43147306
43149774
43154647
43160081
43165132
43182253
43184166
43191884
43200956
43205078
43214534
43229233
43243354
43247299
43251374
43271930
43279858
43283068
43303680
43305074
43361274
43378311
43391479
43421961
43423850
43432045
43437439
43442374
43449460
43458391
43474326
43492032
43504292
43504405
43524204
43531315
43533967
43544820
43546828
43555575
43564788
43565343
43569736
43574326
43580745
43581737
43595612
43639600
43646617
43647710
43658372
43690794
43700370
43701966
43708494
43709433
43722810
43723837
43732390
43734268
43737277
43737684
43744265
43755966
43761407
43777993
43779671
43792516
43808680
43811367
43821004
43829689
43837389
43850480
43850866
43865624
43868181
43869136
43875030
43880600
43882395
43892859
43894369
43894846
43907190
43911441
43948448
43949773
43959159
43967511
43981801
43982674
44005905
44010152
44027327
44040521
44041223
44050184
44057952
44068086
44081918
44098175
44099760
44100960
44106917
44113505
44131778
44136727
44137616
44153778
44156747
44157424
44160831
44174420
44178542
44181352
44188158
44195553
44208822
44209426
44214331
44230477
44232064
44233976
44235028
44240383
44247796
44249201
44250618
44263492
44268790
44273870
44289087
44302766
44307161
44344319
44351159
44364546
44364598
44366209
44367198
44385947
44401914
44402363
44424599
44424985
44429915
44430339
44455330
44456494
44464107
44469122
44469275
44475881
44480419
44481839
44487866
44494766
44498368
44506545
44507201
44533045
44542091
44543261
44543667
44546476
44604339
44612806
44637101
44637838
44671789
44677492
44687004
44689137
44720724
44731463
44732678
44739737
44741647
44744818
44750561
44754630
44754938
44755375
44779021
44793651
44794280
44809734
44814421
44840779
44843889
44872419
44885543
44905718
44934319
44940204
44948758
44953779
44955851
44956085
44968237
44968980
44984647
44987140
44991933
44995828
44997735
45005287
45012486
45012804
45014459
45015893
45023708
45027079
45036993
45037574
45037938
45042718
45044414
45045276
45049862
45066138
45096116
45099001
45099625
45100896
45104207
45125964
45141936
45146194
45164098
45167461
45178834
45205519
45208257
45208350
45216099
45225359
45255130
45261992
45265982
45269874
45270723
45288089
45292958
45294441
45315449
45316045
45325466
45327410
45339835
45342118
45358927
45360997
45377994
45383183
45383408
45383631
45390384
45400773
45410669
45418628
45418708
45448327
45453338
45476407
45489053
45497272
45498083
45498268
45506006
45512175
45515842
45516055
45519612
45528196
45530989
45532292
45542365
45555013
45572267
45572721
45577885
45591153
45595911
45610152
45614881
45622903
45627987
45629929
45649292
45681057
45694739
45704284
45741318
45748469
45750538
45751346
45759399
45765184
45773478
45775623
45780377
45780843
45785473
45786711
45788967
45800020
45812701
45863343
45882044
45892349
45909253
45910918
45914186
45914326
45928120
45943084
45972546
45983745
45986006
46001292
46009319
46012230
46022813
46025826
46029853
46035348
46039490
46039806
46049622
46050794
46055024
46066217
46070347
46073820
46093077
46097180
46101813
46104159
46140760
46141093
46156463
46172596
46176624
46180487
46183541
46189384
46194698
46200517
46211338
46218798
46219827
46222572
46225226
46227732
46231225
46260155
46260462
46263200
46284715
46298997
46305025
46326967
46341874
46342923
46343805
46344397
46349300
46360394
46404035
46404991
46406250
46406575
46407440
46425637
46434172
46447584
46448293
46452638
46457875
46468714
46472556
46483625
46492670
46504802
46510646
46511472
46529689
46549671
46563127
46566646
46573917
46593150
46603887
46614202
46618428
46622015
46638119
46643716
46658157
46668659
46672641
46686125
46692350
46696231
46714052
46725558
46743582
46751522
46752459
46754898
46755066
46764663
46779450
46781190
46782520
46797854
46839679
46840841
46848142
46862394
46867304
46872512
46880070
46884910
46894840
46912325
46919854
46920940
46940480
46957615
46966108
46966139
46980939
46990497
46992286
47000987
47001195
47007964
47014170
47023441
47029404
47042698
47055714
47065804
47068716
47075483
47088701
47090443
47090508
47093892
47104913
47121672
47127393
47128943
47137951
47147310
47148870
47161437
47161498
47162248
47163743
47164017
47194922
47195532
47200626
47213556
47218960
47219392
47226944
47243112
47248333
47249506
47254218
47264957
47265604
47269095
47275607
47281389
47285555
47287773
47288934
47292077
47294249
47297143
47300635
47307766
47317865
47325129
47329201
47332290
47340747
47352697
47358147
47359950
47365088
47365497
47368402
47395949
47401261
47401441
47403379
47404892
47417407
47417496
47418382
47423990
47430679
47453285
47475178
47476995
47482458
47483452
47484341
47491814
47505569
47506755
47508849
47509044
47509669
47520363
47523581
47527891
47528598
47539333
47555469
47573100
47586930
47587395
47602744
47603552
47605677
47607501
47611239
47612254
47614355
47628745
47631279
47649477
47669812
47672214
47692922
47699217
47719316
47729072
47733124
47749406
47756554
47767782
47780051
47780548
47780754
47786134
47830806
47835239
47835912
47843901
47862849
47882904
47886118
47887164
47893374
47900387
47909971
47913120
47918537
47920495
47924594
47956293
47964908
47965145
47976554
47985536
48008282
48048928
48063512
48068100
48090539
48093403
48093771
48105425
48115378
48139657
48141059
48153638
48181684
48186609
48196227
48242794
48266096
48287598
48292649
48303689
48318043
48328192
48330731
48374611
48374739
48381078
48381478
48385925
48391308
48394103
48401983
48410706
48411014
48412409
48426044
48439872
48453887
48454134
48457655
48465838
48481319
48482531
48505324
48511041
48515044
48534551
48548224
48563590
48564586
48570619
48572689
48579099
48584104
48593035
48594873
48601161
48605674
48607078
48634719
48654508
48656329
48656905
48659708
48674061
48676358
48689869
48707447
48710811
48719030
48725961
48729598
48762858
48764057
48767014
48771371
48791114
48794024
48808929
48820287
48821218
48831382
48841895
48849018
48850707
48854124
48856841
48860153
48874062
48879522
48881831
48894644
48895723
48902678
48906559
48923298
48928243
48934736
48937329
48938031
48938114
48940359
48972505
48980808
48987763
48990035
48998675
49003345
49020821
49024048
49057351
49062861
49066275
49072088
49095064
49096661
49108821
49123810
49126750
49146333
49151627
49154457
49169454
49171420
49175028
49190775
49207464
49216403
49222813
49224349
49226227
49238890
49257511
49267034
49267794
49284347
49288391
49293749
49313763
49313913
49334670
49334833
49347812
49367454
49375473
49380299
49383163
49393258
49395647
49404420
49408108
49411838
49414988
49434224
49438313
49442921
49444344
49469614
49489299
49493892
49498696
49511494
49518807
49522821
49548484
49550390
49551478
49557577
49561611
49563715
49565723
49602822
49617180
49619628
49625811
49626244
49628313
49637006
49640729
49657879
49685034
49694545
49706357
49712707
49716284
49725370
49745108
49767711
49777176
49780146
49784668
49785851
49786518
49787962
49796109
49796351
49802844
49806497
49818114
49822933
49833963
49837538
49852656
49857104
49883097
49883668
49889826
49911689
49938616
49948637
49955956
49963498
49965723
49970581
49979961
49982104
49991170
49993516
49998752
49999848
50007506
50016124
50047456
50051875
50060345
50065178
50065835
50069169
50069449
50080911
50086872
50093262
50100245
50118383
50118944
50126013
50132690
50135097
50139678
50144711
50151319
50157849
50167020
50167057
50179564
50182672
50187669
50197535
50198098
50198351
50203541
50209221
50223266
50241218
50241438
50244084
50247527
50270779
50273675
50274813
50295872
50340911
50353602
50355744
50362812
50363533
50369744
50377073
50379339
50397609
50418728
50420951
50421701
50431828
50437556
50443189
50445538
50455613
50480423
50496290
50513067
50518237
50531192
50536385
50539800
50542733
50542821
50550253
50559420
50559429
50584924
50613847
50615418
50640961
50643975
50669286
50676519
50690837
50693715
50700034
50721911
50737264
50749233
50751929
50767618
50769572
50787422
50792711
50795075
50805065
50846589
50847460
50860572
50861200
50861245
50876979
50877821
50881065
50884531
50889240
50911474
50925918
50937801
50938879
50941129
50949808
50951749
50954709
50959391
50972436
50978035
50978448
50995205
50998494
51008194
51012242
51036592
51038344
51044444
51060652
51060775
51076938
51077130
51115972
51139206
51146747
51147090
51151641
51177457
51185539
51187747
51198278
51207720
51209788
51214313
51258456
51271208
51308326
51310374
51328364
51333986
51334690
51343778
51347744
51357094
51363808
51367214
51378410
51379573
51384799
51388002
51391830
51391889
51397229
51413412
51419179
51445415
51452319
51471140
51480700
51494901
51497868
51499362
51506615
51519503
51523627
51529554
51556911
51563743
51574863
51581380
51586515
51591770
51600911
51604639
51608154
51626102
51627631
51663509
51697848
51706074
51723273
51725804
51737750
51747753
51747776
51761166
51765036
51770840
51797429
51797645
51814324
51821829
51824402
51829056
51837093
51844473
51851852
51858202
51858234
51868361
51874794
51888829
51893489
51895793
51903406
51904034
51905205
51916009
51958959
51963681
51966780
51976374
51988008
51990955
51995455
52001081
52008599
52012374
52034340
52052077
52053934
52054441
52054508
52060733
52061699
52068845
52079056
52091007
52104500
52119138
52124036
52128528
52128857
52148240
52150667
52172520
52182466
52184222
52185329
52195766
52196008
52203861
52213978
52233296
52233701
52248607
52251582
52257479
52260814
52285658
52301615
52345552
52346148
52353147
52367262
52378161
52387614
52393268
52398561
52401623
52419340
52438899
52439090
52439663
52445804
52446414
52460283
52507907
52514618
52518165
52521971
52525944
52559231
52567915
52576655
52607168
52616628
52630411
52637601
52648997
52649415
52657357
52659150
52665999
52667498
52670420
52670800
52674762
52692334
52699192
52717600
52719565
52726926
52727505
52740478
52743520
52752872
52819241
52824666
52829032
52847510
52858296
52858850
52868703
52890403
52893192
52900223
52908462
52913911
52919189
52921892
52943596
52944538
52951080
52993179
52998338
53040055
53069942
53070703
53083697
53101741
53104033
53104930
53115875
53178099
53180739
53185393
53190632
53197646
53205693
53218770
53279291
53282706
53301324
53337412
53342403
53349921
53360699
53361587
53371640
53373001
53390867
53406672
53411827
53416944
53444347
53458543
53460725
53463590
53467175
53475856
53485259
53501433
53513710
53524820
53535628
53543122
53546942
53555328
53559101
53574802
53582402
53586933
53607806
53616284
53626252
53631240
53635793
53636718
53644012
53655194
53667936
53679076
53687815
53692921
53703817
53715232
53717279
53735858
53738032
53804283
53811374
53812066
53817326
53830805
53843092
53846117
53850888
53852949
53854522
53858600
53875056
53875644
53894660
53894816
53901245
53905753
53907430
53911147
53939787
53951958
53952404
53968200
53969930
54000137
54010861
54019696
54022740
54035220
54069725
54076011
54080460
54083554
54090198
54093175
54095204
54107722
54123532
54125938
54135204
54136551
54142495
54151335
54151682
54152155
54152488
54152887
54164916
54179643
54182634
54182920
54199424
54206448
54222924
54263823
54266870
54277419
54310593
54315642
54319294
54322690
54340198
54346039
54353514
54356370
54357041
54359132
54377144
54398561
54401353
54406224
54435279
54436627
54440133
54449236
54473077
54489529
54492122
54505352
54515231
54521751
54539578
54544445
54550711
54551340
54564588
54585548
54598272
54605476
54609377
54639714
54649638
54655423
54660001
54669322
54709538
54721961
54728779
54741779
54773899
54776675
54783976
54796398
54803873
54804941
54813924
54838147
54849258
54876859
54877011
54887663
54889718
54895277
54926780
54931473
54944177
54956529
54978048
54985375
55006738
55013543
55024496
55029101
55039831
55045694
55049962
55054936
55064836
55067648
55072811
55080744
55086271
55094106
55104983
55112013
55112317
55114352
55123375
55130783
55141679
55166142
55170127
55173332
55186933
55201661
55203874
55212972
55229222
55255887
55260813
55277195
55279506
55305868
55310190
55314133
55320885
55333726
55333889
55339439
55340292
55340465
55342014
55354582
55367673
55367804
55392724
55402014
55418362
55429545
55430984
55443829
55446203
55448309
55459746
55470497
55471351
55488533
55521691
55561618
55563864
55569247
55581570
55592332
55601214
55611292
55612000
55627115
55629892
55632416
55646362
55649495
55650162
55664165
55679578
55693933
55708536
55718339
55723099
55736013
55736046
55740044
55749258
55767185
55780272
55791008
55813269
55841168
55863483
55873514
55880435
55891089
55893778
55895586
55925691
55942092
55948001
56008542
56018094
56023020
56024064
56030593
56038052
56040253
56055688
56069612
56072018
56076219
56079304
56079949
56082381
56087508
56092891
56097773
56104197
56113712
56119114
56121467
56149122
56156813
56162186
56164108
56167055
56168998
56194820
56218103
56226078
56230645
56231501
56247624
56274422
56277820
56289674
56293170
56315466
56319424
56323753
56325279
56346410
56351598
56358150
56361163
56368782
56377051
56381452
56382238
56386682
56392160
56396309
56405715
56430625
56446655
56450354
56453848
56456460
56486815
56487020
56508129
56517525
56526258
56539437
56539487
56547436
56549787
56555622
56559878
56566930
56579056
56580299
56581204
56583550
56591188
56609465
56619361
56642069
56654224
56688157
56707310
56710283
56714951
56715648
56718973
56719004
56719984
56719995
56725161
56725761
56731816
56733214
56741884
56750630
56751958
56765011
56776815
56800835
56804610
56848852
56858946
56879239
56885535
56886392
56891410
56900018
56906496
56925058
56928908
56930892
56937007
56945761
56949308
56965694
56971574
56973214
56974250
56974571
56977141
57000015
57003718
57009001
57022192
57030059
57047092
57060637
57086412
57087066
57091793
57094908
57100367
57115911
57118415
57118880
57118914
57141144
57148962
57149037
57156752
57158137
57162118
57163939
57177140
57183517
57186341
57191855
57191944
57197044
57212033
57227279
57230598
57231360
57235923
57238966
57256820
57275258
57280857
57323270
57324495
57328594
57330347
57347159
57350873
57352883
57355040
57357869
57359286
57366903
57375218
57375576
57384483
57407528
57411360
57435073
57439563
57439774
57452975
57454690
57457023
57516912
57542762
57542950
57548309
57551720
57552637
57552807
57558280
57571611
57573437
57576680
57585213
57610369
57611774
57618142
57630220
57639594
57641633
57652529
57704998
57713993
57717849
57721186
57723257
57767010
57774939
57784249
57786706
57791207
57803598
57808987
57813385
57819497
57821753
57825742
57826874
57852966
57859672
57859685
57864962
57865629
57875040
57893311
57897576
57900076
57911840
57914261
57914860
57920612
57920645
57942291
57944930
57955255
57962176
57963022
57969270
57972377
57986238
57997420
58002604
58002939
58004029
58005998
58008171
58022905
58028603
58033916
58043031
58048849
58051702
58052656
58052875
58065151
58068175
58068646
58084165
58085262
58096419
58098140
58100442
58101247
58106997
58120284
58121741
58122604
58123039
58131937
58139626
58150730
58152016
58155047
58161781
58163401
58183308
58193116
58193700
58202188
58203714
58219263
58240327
58242982
58249855
58254562
58268544
58272541
58277510
58289164
58297194
58298414
58304501
58309975
58317356
58319954
58320464
58322717
58328123
58331214
58331392
58349394
58353797
58361090
58388740
58393074
58394112
58403639
58428807
58431181
58439011
58447696
58447985
58453371
58456394
58465164
58473944
58478203
58489434
58497626
58499108
58502540
58506988
58507331
58539689
58545919
58547466
58549404
58554606
58561206
58565294
58572506
58575865
58582159
58586942
58587645
58590241
58604126
58607615
58617767
58624794
58625593
58629287
58635800
58679520
58683094
58690049
58694871
58701989
58711385
58714023
58716487
58721476
58754637
58759079
58765435
58823279
58829879
58837636
58844791
58892486
58895520
58903240
58918886
58922752
58924808
58927850
58935000
58958628
58989017
59001299
59001970
59014708
59024563
59050169
59070568
59075545
59078442
59092641
59097863
59103015
59122900
59129855
59145447
59151297
59154317
59157832
59158432
59167585
59168483
59173310
59181136
59205432
59207757
59210132
59218071
59232059
59237042
59278978
59279185
59290607
59295806
59320581
59326846
59329975
59340272
59341752
59349432
59351443
59351502
59368889
59370076
59376433
59382170
59386296
59396226
59400530
59407182
59413666
59421309
59437503
59443587
59445143
59458620
59459669
59465811
59495530
59516658
59517815
59521659
59529863
59557492
59557572
59573963
59578196
59580285
59586350
59603148
59610663
59628245
59629147
59635519
59636378
59645353
59646041
59650121
59655262
59659314
59671045
59673229
59704653
59708907
59711521
59714278
59748830
59756761
59757778
59760887
59763566
59770107
59774003
59776586
59781708
59838186
59855482
59855736
59858518
59871340
59874180
59880685
59895114
59904178
59905235
59931302
59938441
59939531
59940952
59946488
59971049
59973103
59982276
59983972
59990542
59999153
60001673
60008407
60009332
60010489
60026678
60037587
60067476
60086681
60092349
60101376
60106053
60127043
60131971
60136267
60136625
60142216
60148021
60169025
60176844
60177832
60205024
60215190
60217091
60221849
60228874
60234498
60241651
60254054
60266491
60327773
60335973
60336272
60340408
60346833
60350687
60353930
60358893
60359517
60368735
60377859
60400691
60402611
60407409
60408387
60411258
60432462
60433336
60452588
60452678
60456085
60465530
60468128
60497643
60501529
60504403
60507995
60508680
60511788
60518405
60525779
60538452
60539261
60539696
60543004
60548851
60555165
60556042
60556290
60558054
60579963
60604463
60625929
60628849
60632401
60647161
60652913
60654304
60658369
60660005
60661876
60679400
60682041
60682061
60685336
60696224
60699808
60700575
60709889
60739332
60741847
60771023
60771390
60772748
60775364
60793918
60796107
60798746
60799119
60813819
60828993
60832980
60835937
60837391
60842676
60846110
60859318
60859540
60864211
60867395
60868182
60872943
60894534
60903972
60911337
60911955
60921923
60958681
60982361
60985408
60995929
61008060
61008252
61009896
61019938
61024707
61043675
61084234
61090880
61090915
61093279
61120267
61124633
61130691
61151148
61160206
61165226
61171587
61175874
61176441
61185363
61191597
61192202
61201615
61233779
61240039
61279707
61293851
61294753
61312037
61314327
61318568
61322404
61322588
61322613
61327460
61330258
61345882
61355412
61371857
61373407
61378161
61406206
61424471
61424762
61433939
61437660
61444878
61453129
61495983
61499056
61503428
61505221
61513277
61521380
61523485
61529349
61533956
61550126
61559393
61564996
61570975
61583683
61584194
61589825
61590899
61619897
61632599
61632877
61637512
61637802
61646037
61655619
61664051
61665136
61669812
61694708
61703006
61721956
61748769
61753171
61756125
61758242
61769584
61782121
61789704
61807136
61815018
61826927
61833884
61841531
61852581
61859288
61871015
61877491
61882338
61885344
61890188
61900974
61901592
61913670
61924701
61931696
61938092
61942941
61945955
61952591
61970231
61972003
61973853
61974394
61981329
61984502
61990377
61995022
61995772
61998053
62002675
62027795
62031608
62031629
62045057
62053306
62054973
62056472
62067823
62090400
62095788
62105712
62120626
62161583
62163620
62166262
62204443
62208444
62215255
62216782
62222761
62240105
62252063
62267434
62275690
62284609
62285027
62287910
62287916
62290826
62291116
62292703
62297513
62300538
62301865
62306007
62315932
62321356
62329988
62356359
62361101
62366998
62372169
62388380
62399758
62406589
62409955
62417306
62419666
62421373
62422137
62431427
62432463
62435420
62453435
62468597
62478638
62484195
62503632
62525118
62532920
62546164
62559991
62561639
62562311
62569296
62572447
62602412
62606547
62608549
62631883
62644322
62647210
62659381
62731850
62744466
62745724
62759375
62761463
62763832
62763843
62769970
62786278
62789227
62789828
62805593
62812056
62813212
62820739
62822625
62845937
62857934
62859269
62863129
62871246
62879140
62886207
62891640
62900098
62910638
62926832
62930249
62935111
62936687
62950307
62977213
62991325
62997863
62999584
63029187
63064494
63069058
63076059
63120762
63125803
63133189
63140757
63147832
63147882
63149272
63179769
63180679
63267107
63268994
63288009
63290802
63312477
63314898
63338891
63352713
63353984
63359749
63361022
63365174
63390096
63396652
63401383
63408922
63422798
63425633
63427090
63445417
63455444
63458408
63466888
63471070
63480763
63488422
63507199
63510543
63514585
63524481
63541455
63567099
63568087
63574059
63580990
63582559
63589824
63608424
63615733
63636128
63648433
63651867
63658590
63662615
63673275
63677616
63687690
63701247
63706274
63707044
63715793
63718143
63727140
63734658
63737099
63738239
63752209
63756186
63759170
63766554
63767398
63767754
63771323
63816013
63826596
63860157
63863516
63874454
63880625
63884631
63885616
63888717
63896039
63896745
63903774
63907075
63916649
63920351
63921344
63932174
63954729
63981070
63993407
63993459
64000607
64016282
64021011
64035556
64036613
64043011
64043983
64043995
64054987
64065522
64081355
64091629
64092870
64113606
64115239
64133568
64135776
64151856
64157463
64182586
64185531
64204094
64205300
64205381
64206547
64213720
64216465
64221361
64239625
64248128
64258590
64262535
64273955
64277558
64286002
64287119
64287355
64289995
64292684
64298730
64304483
64310703
64313272
64316954
64331972
64340138
64340968
64356000
64362900
64386601
64407709
64427092
64429028
64443498
64446084
64452889
64459480
64471973
64484067
64487929
64510753
64517753
64520894
64524118
64525020
64526078
64533901
64536582
64542752
64546455
64575200
64595930
64618711
64636435
64640146
64642341
64646234
64651428
64662132
64673008
64683524
64690198
64696741
64711819
64716438
64718679
64729050
64733811
64739025
64751022
64753867
64757669
64758476
64758958
64771265
64777312
64802780
64812916
64817213
64820511
64825246
64842546
64850359
64867910
64870230
64875522
64884286
64887712
64906923
64910115
64927038
64930792
64953506
64958527
64961120
64962389
64962504
64971413
64972138
64973734
64975202
64979400
64982756
64996539
64999192
65000857
65015833
65034293
65040581
65040589
65043990
65050306
65058346
65073623
65087753
65088504
65097996
65113364
65122377
65122453
65126529
65132749
65144057
65145085
65149306
65179202
65184044
65194183
65199597
65208850
65217046
65220333
65230373
65243716
65265623
65268628
65272041
65278388
65279570
65283367
65288406
65294608
65306105
65318220
65326137
65347708
65348459
65354981
65357751
65364106
65385356
65387129
65392223
65412719
65416808
65431390
65441581
65444954
65473585
65474288
65475462
65496795
65500396
65506258
65512379
65521421
65529803
65538733
65548880
65568450
65600794
65602034
65605554
65607413
65616552
65628816
65664708
65671899
65673188
65690688
65710276
65710907
65718439
65733580
65738174
65748456
65761249
65776055
65784313
65785386
65811163
65819574
65820847
65843601
65851980
65854282
65857505
65864140
65888103
65890840
65904926
65920280
65922234
65924554
65929818
65931536
65950998
65955116
65960986
65981917
65987554
66006113
66012160
66021286
66022846
66034836
66039980
66041641
66052794
66055382
66057277
66072991
66074126
66075094
66081305
66086180
66106508
66126111
66133381
66140375
66150272
66153694
66155563
66159060
66169116
66210202
66212047
66219953
66240053
66244825
66247528
66307869
66307993
66328138
66342447
66342468
66344135
66360926
66365185
66368685
66369985
66375507
66390745
66393299
66394215
66394971
66398230
66406495
66424508
66430434
66445654
66451816
66453601
66454434
66460507
66482229
66482716
66490045
66496037
66508032
66511087
66525891
66532106
66546695
66550606
66550946
66564598
66569382
66574079
66581928
66584974
66594858
66609141
66614338
66623695
66626545
66630317
66635250
66676116
66715134
66717282
66720391
66728069
66754325
66798551
66801760
66807672
66811696
66821906
66830241
66870722
66878553
66884650
66909507
66910326
66931924
66932954
66941948
66953562
66955325
66974145
66993520
66999693
67004331
67006035
67023662
67029574
67035069
67060257
67066147
67079374
67093336
67099764
67111432
67123240
67130981
67135429
67147665
67173940
67181267
67184846
67187838
67205913
67207431
67208025
67213757
67217546
67218952
67221483
67234218
67236164
67236566
67252363
67254916
67255695
67271407
67282385
67285978
67295901
67307826
67313891
67322644
67323158
67330126
67345111
67358644
67361853
67363811
67369426
67376027
67380472
67386132
67400891
67405115
67411333
67411695
67413073
67414286
67419497
67422737
67428646
67435543
67438577
67441253
67441644
67444264
67455974
67490237
67490347
67491172
67493404
67497889
67521450
67526319
67544953
67558498
67577284
67583995
67606808
67612434
67637864
67646721
67673204
67681036
67686837
67692690
67694682
67712707
67723768
67733161
67739176
67743099
67753478
67770210
67824981
67825431
67830604
67845563
67845748
67860192
67864410
67876255
67879679
67890229
67894285
67894847
67907319
67921412
67932903
67948102
67948433
67960742
67962136
67962764
67979756
68004356
68008031
68014450
68024597
68025634
68042461
68043735
68045805
68054275
68064505
68072926
68087168
68092910
68093105
68097467
68101880
68117988
68118196
68143271
68180428
68180864
68213473
68219901
68219913
68254049
68258516
68270322
68286667
68288074
68290313
68317758
68317928
68345189
68363936
68385986
68390474
68393864
68403532
68403711
68417889
68424492
68434389
68435524
68437655
68446245
68450848
68462071
68469218
68475503
68479176
68483712
68484995
68503567
68503571
68504154
68506369
68511142
68514003
68517684
68535778
68542192
68544053
68563528
68565450
68567796
68568761
68568804
68569770
68574434
68588118
68593436
68605561
68635049
68640700
68648335
68649578
68649691
68650338
68661196
68667429
68670987
68672659
68676981
68693410
68709483
68735226
68747592
68770617
68786409
68790045
68817376
68828087
68835565
68869167
68871000
68871210
68873433
68874750
68877464
68884122
68888868
68894846
68908330
68937316
68939323
68950591
68954088
68958294
68970544
68970690
68972575
68980287
68984097
68984644
68996874
69007257
69011557
69017118
69022500
69028485
69029702
69048213
69053756
69078051
69079617
69083552
69087148
69112375
69120945
69122298
69137661
69141779
69163435
69170837
69173052
69175159
69179322
69181667
69186311
69186593
69187286
69191426
69192963
69201134
69204457
69256183
69265357
69276474
69279893
69283876
69287621
69297907
69299105
69299479
69304443
69315496
69317346
69323831
69325885
69336563
69340011
69360606
69365067
69371391
69372092
69377638
69386120
69403649
69418538
69423228
69429084
69432038
69432113
69432995
69439671
69440649
69453586
69459418
69476790
69486783
69488132
69511836
69515141
69534798
69544759
69550033
69555703
69578070
69580156
69598174
69614320
69619661
69624498
69637410
69667682
69682331
69703701
69710537
69711233
69751622
69758685
69760530
69761467
69774631
69775326
69775351
69798512
69811066
69813691
69826547
69845387
69863483
69877288
69884847
69900345
69911477
69915065
69916246
69938123
69961837
69971981
69983641
70006747
70008009
70010826
70012764
70021198
70025956
70034946
70057887
70073138
70075771
70104882
70113794
70130951
70137715
70143645
70150472
70161468
70167946
70170738
70174523
70198583
70212931
70214695
70233879
70246152
70247910
70258750
70260712
70263074
70263766
70269047
70278813
70279367
70283618
70285903
70299520
70302159
70342097
70346328
70351782
70359106
70381201
70388563
70388754
70405395
70427826
70442926
70460653
70490695
70494718
70496487
70499818
70533870
70548679
70551803
70553209
70566659
70574220
70574462
70581073
70587279
70587410
70587806
70604169
70605755
70619687
70634999
70641358
70646137
70647839
70656215
70661570
70677344
70683046
70683921
70693539
70694197
70697983
70717306
70720213
70720799
70727110
70731409
70735036
70735485
70746937
70775186
70785900
70808888
70818370
70840181
70853193
70865390
70868355
70878053
70891068
70896261
70896922
70897870
70899476
70903843
70912052
70912093
70923711
70923933
70933140
70934548
70944562
70945476
70947049
70948755
70950915
70954761
70961620
70969821
70997464
71008526
71010683
71014081
71017172
71019672
71027136
71028533
71042460
71042980
71053050
71061547
71072504
71082602
71097901
71103629
71122985
71124940
71145864
71146113
71146936
71149194
71172430
71183414
71184436
71187142
71188206
71197482
71198920
71207293
71208614
71209753
71238789
71245180
71251294
71281814
71290773
71290934
71318579
71336138
71351425
71362360
71365228
71383921
71394771
71394945
71409979
71411692
71415448
71424899
71429027
71438072
71445135
71456733
71489795
71494083
71508927
71515659
71533532
71539364
71552381
71566636
71599377
71623290
71625487
71629730
71647045
71661781
71665182
71684171
71695467
71696545
71698983
71709000
71717907
71720194
71726064
71735971
71744752
71761419
71788646
71792194
71795289
71828225
71835951
71839009
71849465
71851554
71852384
71852517
71860832
71869919
71870330
71876989
71884897
71888125
71897125
71901662
71907086
71910017
71926545
71927323
71949622
71958098
71961023
71966255
71968128
71968168
71985363
71996750
72016737
72023925
72030324
72033027
72037345
72048300
72049093
72052912
72077528
72078224
72080930
72103265
72118185
72144264
72144903
72166267
72186404
72190861
72217483
72224369
72232082
72248679
72256068
72262662
72266855
72270604
72271239
72272002
72274859
72285304
72311834
72314224
72314770
72320972
72328119
72341986
72356519
72356939
72373769
72383784
72387168
72393943
72406233
72434106
72435846
72447618
72453283
72455987
72458352
72468689
72472544
72499595
72504383
72515466
72517266
72534650
72541823
72547273
72557739
72560502
72571631
72571758
72580855
72587683
72599240
72599498
72599834
72619439
72626695
72641349
72641424
72670676
72680145
72700443
72703484
72726843
72744699
72757581
72765699
72779558
72792573
72793224
72794820
72820608
72825275
72836825
72838956
72841825
72854318
72854425
72865063
72865138
72899431
72938604
72941056
72947503
72952549
72962431
72966671
72972333
72981990
72982457
72989453
73028756
73034900
73038584
73048849
73057863
73060358
73062816
73064950
73065376
73070960
73072655
73073714
73075087
73078024
73080286
73094502
73114116
73114870
73128842
73146702
73152101
73180023
73182892
73184150
73187769
73202715
73209585
73226654
73228735
73258424
73285924
73290401
73301657
73312836
73314025
73319637
73329228
73333118
73359978
73373329
73374359
73376394
73402234
73413020
73416643
73424325
73426894
73431840
73437604
73454885
73462357
73463982
73465533
73466164
73466173
73470706
73478525
73485835
73486914
73495519
73498211
73516790
73535730
73546013
73563932
73571336
73577897
73580725
73593513
73593530
73595137
73596277
73598081
73605031
73613712
73622954
73638379
73653863
73656665
73660425
73666044
73672868
73685993
73704935
73709046
73715699
73722423
73734438
73735646
73736608
73738229
73738266
73748791
73753197
73759544
73764727
73764961
73770450
73771088
73772707
73802696
73807651
73825181
73825330
73827013
73830220
73847120
73848482
73854421
73863855
73866618
73870602
73875220
73876684
73886385
73889386
73904631
73907558
73908395
73908917
73913697
73917295
73926540
73939235
73941321
73955140
73957060
73965237
73966537
73973091
73973597
73983983
73997548
74013645
74032039
74034026
74036014
74037414
74039120
74042198
74042361
74044751
74054300
74060623
74063966
74072507
74075902
74078707
74088669
74103705
74110734
74132430
74140318
74147197
74148390
74157424
74171985
74195954
74214147
74220138
74236749
74247560
74261229
74266947
74269680
74273958
74278992
74285672
74304696
74346766
74362595
74366320
74385438
74405860
74409748
74415625
74432306
74455045
74475209
74483836
74500673
74510742
74514432
74524515
74535860
74547823
74548587
74552271
74552856
74554673
74563224
74572433
74592016
74599385
74604027
74613193
74619323
74636982
74637381
74655801
74672424
74681247
74689893
74695567
74699821
74706491
74709013
74726327
74726367
74738641
74758265
74775079
74778796
74785624
74813028
74831367
74861648
74866053
74883786
74894984
74915986
74926275
74931494
74931635
74933740
74934035
74942783
74947933
74948554
74955527
74958188
74970284
74973182
74976101
74977984
74978368
74982200
74998753
75015478
75027245
75054909
75061961
75103472
75107817
75118674
75145431
75153376
75155785
75156665
75160640
75163672
75191746
75197151
75205320
75207723
75208408
75209661
75217442
75222110
75235895
75251035
75251287
75268127
75276523
75280579
75284524
75300239
75305770
75307994
75313179
75316393
75350090
75358672
75365817
75377062
75394705
75404150
75412743
75427896
75428606
75439384
75468416
75478933
75493848
75506673
75512278
75518934
75520976
75559857
75563629
75583523
75583892
75587950
75609386
75619655
75620782
75631875
75634264
75641962
75642541
75642675
75648151
75648884
75680789
75681972
75684822
75701715
75716997
75720071
75733601
75734732
75740265
75746946
75764058
75770773
75772286
75794413
75806093
75831887
75837992
75840288
75854935
75857557
75896738
75932692
75937668
75937945
75949465
75952370
75960164
75985358
75988844
76024572
76033792
76034284
76036756
76049725
76059630
76060372
76062979
76064818
76075758
76122468
76126488
76129627
76138573
76142198
76146373
76161397
76170924
76182844
76195352
76199048
76199497
76214747
76225097
76237473
76250678
76254123
76262446
76269106
76276137
76277526
76288049
76297861
76305664
76310702
76324752
76332523
76334237
76343183
76362152
76375408
76378556
76378861
76394431
76396143
76421585
76426797
76444103
76466445
76479863
76499596
76504872
76506127
76550156
76568518
76572080
76583719
76586440
76603090
76621684
76631211
76632069
76632740
76636318
76640773
76643851
76658834
76672682
76674780
76683960
76689194
76689727
76692605
76700136
76701244
76706295
76707652
76708141
76708421
76709785
76715634
76719312
76737213
76740651
76761816
76770166
76803511
76810851
76816220
76836433
76838315
76850872
76852722
76870847
76876827
76881523
76884985
76908484
76912812
76918036
76926136
76936002
76936583
76940484
76940921
76955538
76998481
77009454
77009960
77012441
77022213
77025495
77038232
77068306
77074724
77076122
77090595
77090681
77096775
77112424
77122117
77130955
77135921
77136895
77176097
77186629
77187903
77188239
77192226
77215805
77230292
77251810
77253648
77263784
77272008
77277214
77279706
77285281
77296931
77300262
77323408
77329097
77331993
77338396
77342505
77354332
77355588
77370463
77375796
77377801
77380406
77401614
77424370
77425125
77435401
77470042
77529225
77554657
77561931
77565486
77581465
77614274
77627342
77640525
77645497
77647079
77651094
77652232
77666338
77679220
77692035
77707555
77713007
77715396
77716894
77717360
77720087
77724163
77731336
77736175
77741632
77761946
77762939
77767256
77790748
77793727
77797263
77801225
77803338
77808083
77813017
77815863
77830057
77835874
77844880
77848263
77855319
77874605
77881585
77885751
77894206
77906014
77910310
77911111
77934636
77941187
77953555
77960273
77962444
77968133
77977194
77982245
77984763
77993286
78004443
78007351
78012330
78015284
78016751
78016942
78019317
78027249
78029970
78045991
78046963
78056873
78062456
78082133
78088161
78090514
78098859
78099993
78127188
78130978
78136024
78139343
78141938
78143388
78143705
78144473
78157191
78172199
78183433
78189030
78200895
78214660
78220102
78224986
78269847
78274019
78280788
78292017
78302404
78303719
78322557
78334925
78336459
78354171
78354436
78362438
78377120
78386616
78392911
78394661
78397555
78400634
78401634
78419673
78438713
78439858
78442279
78445313
78445404
78451270
78452685
78453738
78457940
78464706
78472761
78475597
78482536
78484587
78494301
78494699
78520983
78525549
78526905
78532272
78542502
78560947
78566595
78570078
78575635
78581285
78589059
78591702
78595213
78600100
78614953
78617718
78639681
78642956
78652172
78657672
78677386
78682787
78684144
78686932
78702495
78725344
78725995
78742833
78754348
78769236
78774355
78783064
78784922
78785358
78824780
78827708
78830627
78838796
78844770
78853874
78859136
78874095
78876424
78878036
78881290
78899253
78913691
78920214
78928768
78937023
78949013
78952710
78956452
78970530
78973354
78973612
78974700
78982161
78986008
78998401
79008444
79020721
79022831
79040512
79043788
79051589
79053735
79056721
79065233
79100047
79120845
79123675
79125673
79136307
79145586
79162087
79165047
79166362
79171356
79173775
79178934
79187399
79191776
79219476
79219906
79220223
79225435
79233190
79251263
79259386
79267466
79278968
79286350
79299259
79305436
79317619
79320294
79325736
79340509
79356257
79370451
79372845
79387491
79394541
79394631
79396201
79407849
79411858
79418474
79431654
79439631
79440620
79448244
79472668
79493268
79501995
79502582
79511991
79532759
79533302
79545173
79549089
79554398
79566301
79570116
79575365
79579096
79616474
79644215
79650469
79655914
79665675
79668266
79671641
79672687
79682799
79683183
79687752
79699274
79702797
79721055
79723773
79725499
79728052
79774655
79774999
79775220
79787943
79799571
79811711
79814968
79825919
79835316
79846752
79849420
79879170
79882408
79889256
79905507
79906598
79909325
79921552
79927315
79928299
79946406
79974880
79986499
79992445
80007724
80011049
80015170
80016790
80023865
80029015
80037709
80049834
80053355
80056491
80086756
80091041
80098045
80103816
80105504
80106091
80114797
80117012
80121771
80134089
80135428
80153670
80158123
80163435
80186756
80187155
80199365
80205955
80208233
80218366
80224874
80244268
80256170
80266686
80268450
80276733
80290135
80295326
80298492
80302660
80303333
80326307
80344398
80344971
80346902
80361604
80394171
80396829
80402288
80431806
80465814
80467307
80470846
80472380
80474004
80486202
80493858
80502706
80506635
80507251
80510694
80513279
80545836
80551070
80552333
80555553
80559918
80570105
80579118
80589468
80589985
80593288
80610671
80611397
80615740
80621324
80630505
80630890
80643887
80649184
80661646
80665561
80668819
80701340
80731347
80733062
80733639
80734233
80738177
80743112
80746975
80753629
80754054
80754615
80760662
80765378
80767388
80771285
80780905
80794554
80796156
80806353
80830633
80858400
80909849
80916337
80923812
80929707
80930736
80936254
80967788
80972066
80975539
80981492
80985350
80990520
80992743
81032964
81039345
81042142
81056029
81069128
81075978
81079425
81113788
81115961
81131910
81137981
81156149
81167444
81198015
81200806
81212858
81216940
81217106
81220605
81250889
81251694
81254662
81262307
81270897
81280074
81299460
81302759
81308434
81312479
81322642
81327747
81332142
81337477
81349325
81355331
81365962
81378118
81386287
81391611
81423947
81426039
81428067
81428153
81434212
81435651
81438031
81441202
81442733
81471886
81476608
81495291
81504868
81511658
81516323
81532761
81549782
81555146
81557917
81557989
81561852
81564854
81578987
81587429
81588064
81599069
81601987
81606311
81658138
81663086
81664049
81710837
81711340
81718842
81719466
81720846
81722604
81723339
81726747
81756195
81787268
81790289
81795027
81799871
81810003
81827685
81830407
81831018
81833286
81835518
81845377
81858150
81859076
81869899
81880970
81881061
81888769
81908248
81923791
81942537
81951353
81952023
81960886
81981365
81993060
82002234
82002370
82004458
82008220
82013657
82034265
82061670
82062795
82064463
82103206
82127143
82127163
82136824
82142613
82145620
82146652
82150188
82153902
82167845
82191582
82194021
82205733
82206193
82213340
82223487
82226187
82235470
82238796
82276520
82277596
82280388
82283287
82299753
82302643
82319238
82321031
82346475
82347607
82359594
82392781
82399584
82405701
82412964
82425015
82433416
82434547
82459911
82468716
82473365
82491036
82497991
82502006
82503115
82513650
82515280
82527339
82543838
82558234
82558310
82564627
82596215
82598640
82605083
82620270
82633550
82640127
82640623
82644209
82655353
82656462
82659844
82690075
82709302
82723148
82725533
82748900
82760392
82787678
82800042
82800888
82805320
82808813
82818484
82827317
82841640
82842106
82871334
82886064
82890895
82945063
82959824
82964701
82987933
82991309
82995956
83000330
83056313
83057812
83072677
83074064
83081053
83081059
83091647
83128553
83133056
83133798
83151185
83151825
83155303
83160358
83166780
83183438
83184014
83187485
83189057
83197991
83208901
83217593
83223004
83229972
83256363
83262468
83262961
83284636
83293372
83306835
83312246
83313361
83318689
83319755
83334107
83336598
83354464
83362182
83362743
83371846
83379233
83391198
83407461
83412163
83414374
83415692
83433023
83438992
83444053
83451504
83458768
83468599
83480124
83481536
83493327
83509379
83511465
83517459
83526187
83560806
83563349
83583057
83590827
83597336
83600572
83605323
83610369
83619260
83627963
83629505
83631100
83639577
83644972
83655497
83698651
83700072
83704847
83706508
83709739
83725094
83738866
83749077
83749961
83757944
83779219
83784874
83788309
83792559
83797202
83817950
83839045
83855547
83866934
83871510
83882993
83928256
83938779
83939827
83948330
83953216
83962689
83981842
83984440
83996307
84030079
84030629
84033558
84039490
84040986
84052196
84061948
84072545
84072981
84089670
84095106
84096682
84110274
84112394
84115575
84119334
84131554
84132559
84142655
84149402
84155607
84156229
84164897
84168685
84178821
84181338
84185433
84186982
84198015
84208117
84213692
84222180
84238355
84248222
84272520
84272636
84276622
84285055
84298315
84303025
84307045
84314633
84315715
84317558
84341927
84349394
84361043
84368464
84368607
84378889
84389834
84400144
84403576
84414967
84416343
84420411
84420886
84426728
84427809
84428225
84430835
84433507
84435056
84438886
84449266
84454654
84470157
84474911
84477076
84484447
84484492
84485526
84505508
84511546
84517502
84528651
84531790
84534221
84549189
84572665
84575842
84580447
84581678
84609760
84613161
84619423
84632250
84642684
84642775
84651220
84676140
84711078
84713261
84716181
84718366
84730399
84736822
84774992
84778317
84783884
84787904
84801686
84807992
84810356
84815216
84819576
84822125
84822463
84827428
84828182
84835240
84844873
84845417
84846762
84861855
84869720
84870119
84871378
84898239
84908911
84917169
84934244
84939254
84942749
84946448
84946896
84949821
84960966
84963579
84965167
84970618
84971470
84971868
84984197
84984317
84991623
84994099
85022552
85029975
85030540
85033688
85041332
85045133
85053263
85079083
85082140
85087482
85097434
85098566
85101122
85103133
85123424
85150992
85153131
85182282
85186327
85189772
85193150
85207512
85211524
85220333
85223983
85225545
85225674
85227501
85233182
85254095
85286387
85291079
85291904
85306421
85308156
85323705
85327579
85343512
85356560
85360986
85374768
85379411
85381155
85389333
85423365
85439839
85488334
85495582
85501335
85520092
85526745
85530581
85540166
85543048
85560198
85597199
85599202
85604069
85607700
85624909
85625442
85627338
85632385
85635545
85640498
85657610
85660139
85662048
85681268
85691239
85731026
85732432
85741188
85742424
85755236
85765864
85765931
85771191
85771806
85772351
85776785
85778312
85791209
85801568
85802484
85809055
85811071
85811508
85815358
85816139
85816532
85823777
85824817
85840135
85841869
85845339
85848487
85855576
85861127
85866483
85887814
85899410
85905015
85910739
85916081
85929838
85929851
85947880
85953428
85954372
85955132
85967512
85968890
85973745
85978212
85979058
85980321
85984117
86000116
86002721
86009855
86014847
86015853
86018864
86031069
86038279
86039655
86042510
86049699
86051302
86055062
86062024
86076749
86077095
86079386
86088240
86101411
86101475
86107987
86115355
86116800
86153258
86153733
86166305
86171876
86193318
86218776
86225514
86229329
86231250
86232052
86233646
86242584
86256346
86269536
86276664
86283849
86286538
86297862
86303098
86335437
86337781
86342386
86353243
86355077
86375463
86389850
86405138
86414549
86421022
86423503
86444358
86446672
86452768
86480832
86481970
86485093
86516112
86520933
86529575
86531898
86541155
86542448
86549715
86554580
86568485
86569555
86574762
86576427
86582034
86590112
86590460
86614778
86616099
86623064
86663334
86666574
86691925
86707247
86715422
86731744
86735317
86738961
86748803
86753454
86757760
86759200
86776924
86785400
86794334
86806778
86810677
86824835
86829371
86829479
86841639
86846296
86848830
86860194
86863123
86864577
86869787
86888158
86894246
86910128
86915329
86922555
86955568
86966615
86999462
87030897
87040408
87043847
87059572
87061632
87068532
87069022
87073021
87084014
87111923
87120393
87126828
87131257
87147307
87159379
87166877
87167181
87167471
87199207
87208693
87240465
87259874
87261417
87263141
87273156
87274279
87281163
87282651
87289639
87309694
87315551
87332760
87341657
87342038
87349309
87362635
87367241
87401336
87428235
87430745
87438061
87442313
87449826
87457555
87462393
87465010
87471331
87475275
87508113
87511332
87521390
87547912
87564403
87571061
87585374
87588617
87595965
87596468
87598451
87603986
87613357
87619352
87629971
87648953
87658375
87659735
87663263
87667602
87684200
87692352
87695223
87697424
87703510
87704093
87747746
87748130
87781245
87789464
87799174
87805812
87808127
87820155
87821128
87823122
87823503
87838949
87866926
87870426
87875695
87899674
87907879
87917554
87931061
87957629
87959911
87963347
87963653
87990011
87993889
88016357
88017474
88037957
88042357
88048562
88052465
88072370
88073314
88085124
88103886
88130317
88137837
88143255
88149578
88161808
88162680
88163302
88180621
88181487
88189316
88191147
88203183
88207340
88209416
88211739
88229562
88237687
88239415
88241220
88246472
88246888
88247339
88256165
88268707
88273948
88275770
88283336
88289197
88303655
88305035
88305119
88317011
88318478
88319077
88319149
88319294
88321360
88322459
88335589
88337824
88365485
88368762
88382969
88394249
88396314
88402088
88410252
88431267
88442347
88453101
88479419
88479660
88480676
88485267
88485776
88503295
88507397
88509657
88510268
88511816
88514038
88520050
88522216
88522797
88538848
88541967
88543507
88558003
88558055
88563472
88571559
88582602
88584387
88586672
88588009
88592404
88593393
88614318
88636029
88640367
88644547
88649121
88651961
88654434
88655786
88660378
88664397
88666073
88671284
88685931
88687758
88688391
88695362
88703606
88711364
88715888
88730106
88742018
88757627
88758229
88768519
88778369
88783371
88810538
88816464
88823723
88829867
88838970
88851889
88853654
88869487
88870721
88876542
88886954
88898716
88912576
88923173
88929149
88931740
88948591
88951223
88973067
88973798
88995202
89006630
89024656
89026333
89033309
89038645
89038663
89054370
89056297
89061609
89067761
89080786
89100142
89110944
89112103
89113674
89113675
89115920
89126595
89141468
89154309
89174296
89214315
89225225
89227879
89234886
89249223
89251996
89264651
89267407
89269614
89273384
89277971
89283004
89299738
89302494
89311029
89324117
89346211
89352874
89354994
89371286
89394747
89398330
89418523
89428389
89434752
89450932
89454378
89483115
89494116
89495579
89496107
89500831
89505866
89507404
89520884
89553171
89553522
89555729
89561633
89580175
89593370
89623955
89631470
89636997
89639834
89641388
89642631
89675190
89697800
89704942
89719694
89750313
89777394
89778055
89779834
89783678
89796362
89812861
89815655
89822296
89859515
89883807
89885773
89888506
89901305
89903878
89962446
89972170
89979734
89983317
90022565
90023264
90030074
90033782
90039057
90040420
90050304
90051789
90052371
90064353
90086531
90102894
90118092
90136330
90138717
90143279
90143477
90152763
90156314
90159139
90167701
90180853
90182784
90194284
90200699
90234781
90238532
90246928
90252067
90274837
90274961
90285954
90290582
90305511
90363074
90380038
90380449
90386169
90403124
90413957
90443260
90479852
90486089
90509270
90513243
90513901
90515635
90516892
90528784
90530525
90540282
90541073
90567206
90593077
90611732
90634041
90655982
90665085
90678439
90697061
90698143
90699490
90705084
90714509
90732267
90751521
90753641
90762824
90780039
90786113
90804156
90810517
90821575
90835397
90845950
90857218
90857905
90859050
90871327
90872050
90872136
90880215
90882356
90906057
90921496
90930784
90934289
90935198
90936297
90939490
90945152
90947086
90991155
90996219
91001144
91007485
91007884
91025125
91033199
91036542
91065803
91077931
91083813
91101140
91107156
91119626
91123624
91124044
91165420
91179906
91180008
91193867
91193952
91194200
91204156
91214031
91215304
91220486
91244725
91245449
91251438
91251524
91252821
91253716
91256066
91267417
91276176
91285586
91296682
91305601
91308355
91317007
91317040
91323359
91334346
91354591
91361741
91362012
91383856
91398119
91400377
91402884
91415472
91421362
91429517
91432499
91444212
91446761
91449539
91453394
91456936
91462198
91478765
91495713
91497902
91499589
91512049
91536558
91553731
91554325
91562460
91563564
91565983
91569397
91589137
91598302
91610257
91620870
91621487
91630830
91637486
91640785
91646801
91647580
91657509
91676431
91708690
91710432
91718857
91722008
91722197
91730923
91736975
91737249
91742104
91746951
91747308
91752772
91761650
91770067
91778939
91779017
91792942
91800514
91814130
91816133
91841400
91853956
91855476
91868399
91903128
91903532
91914553
91915762
91921748
91922441
91931601
91937079
91940919
91953407
91972209
91981513
91984570
91989534
91994244
92002041
92015847
92017771
92021561
92023036
92026730
92066436
92088083
92089991
92097241
92109397
92118379
92140595
92153149
92165807
92167959
92178146
92199704
92207325
92217681
92222429
92231365
92232006
92234835
92245898
92254966
92256320
92260455
92279358
92285681
92286414
92301691
92302503
92309709
92312090
92316493
92323918
92326298
92347413
92354465
92358102
92363159
92397295
92410588
92414018
92459814
92470586
92485624
92544157
92547745
92550976
92571960
92595591
92601761
92601904
92606578
92631320
92636549
92640504
92669844
92670385
92684149
92690535
92696325
92697624
92701282
92710105
92719340
92724730
92724845
92726970
92731442
92737439
92741100
92751544
92764686
92778682
92778823
92799476
92802308
92805430
92810198
92814330
92825714
92836062
92842874
92844627
92878100
92881561
92883031
92890240
92899245
92902036
92907516
92908746
92911377
92922708
92924715
92937087
92946233
92947637
92952195
92962231
92965429
92976338
92980919
92997416
93008729
93008957
93020437
93021905
93028780
93036421
93055903
93056169
93061029
93074923
93075173
93075897
93079829
93081495
93098007
93099373
93100744
93107020
93107877
93115898
93120603
93123844
93157702
93204837
93213233
93213787
93216172
93224303
93232868
93236704
93238950
93245956
93261028
93261620
93265425
93266388
93269001
93270345
93291499
93325884
93337402
93339733
93349635
93372507
93388252
93424047
93426313
93430629
93433124
93439652
93440493
93449909
93451808
93471009
93472469
93483908
93490624
93491479
93492040
93492555
93514185
93540342
93559139
93577871
93583004
93588700
93597416
93599356
93602428
93605965
93607311
93624340
93626306
93636344
93642709
93675418
93675509
93677162
93707553
93729888
93755499
93761033
93771395
93772308
93790746
93791703
93794896
93801862
93815457
93834064
93838096
93870316
93884682
93893712
93898275
93902516
93908762
93931655
93939077
93947837
93949143
93949237
93951581
93963256
93968939
93974244
93982166
93987837
93992869
93993239
93998942
94010725
94013208
94016370
94020766
94023660
94024345
94039892
94050372
94059291
94064759
94075967
94082731
94086373
94089685
94104454
94124112
94128115
94136248
94151072
94177392
94179435
94184040
94186989
94195654
94202712
94204205
94214509
94216844
94221075
94248524
94252630
94259925
94273207
94278782
94304919
94307641
94323205
94328098
94331794
94334198
94342512
94344460
94346494
94359210
94362947
94365004
94366502
94369200
94373306
94397184
94399263
94418036
94419105
94426219
94428059
94434840
94439352
94443533
94476921
94483090
94484175
94486195
94512057
94512773
94512917
94514847
94530425
94536393
94561201
94562406
94568413
94577643
94585520
94604904
94617551
94627737
94632225
94644583
94674857
94685443
94690163
94693756
94696104
94705010
94716192
94717374
94720025
94736503
94736925
94742672
94749383
94751035
94752312
94755036
94769846
94787217
94800003
94810047
94811273
94814016
94815762
94825360
94828156
94833203
94833866
94847622
94849216
94851294
94852007
94856685
94869950
94891287
94907197
94929522
94938023
94942593
94953173
94965283
94970446
94988829
95004261
95008007
95010938
95024989
95038951
95041258
95042711
95050559
95058164
95070047
95070134
95074413
95078412
95100351
95110573
95112508
95129606
95150231
95159095
95159767
95173980
95187178
95213899
95221768
95229189
95243561
95244776
95247131
95255336
95272898
95281253
95283827
95284992
95289011
95290277
95311041
95344675
95347723
95348165
95354464
95357049
95370370
95391391
95392225
95395940
95396172
95417815
95418225
95431769
95434341
95457520
95460920
95463268
95483239
95505437
95507351
95507995
95519742
95520061
95528644
95529485
95530987
95550245
95560522
95562828
95585809
95595601
95613374
95651420
95672591
95673088
95673945
95696636
95706490
95707248
95715262
95720509
95731488
95742974
95754655
95762713
95764956
95765508
95766717
95776620
95785794
95790664
95796943
95802615
95802737
95804092
95806269
95814425
95823498
95825216
95831567
95836169
95852289
95863911
95875610
95882540
95887801
95891988
95897683
95914503
95928272
95932774
95933841
95955484
95967226
95976284
95985611
95986564
95991738
95997744
96008813
96009626
96012658
96024708
96041455
96056229
96056435
96059002
96060408
96065358
96077923
96080037
96097794
96101651
96119287
96126354
96137037
96155543
96155975
96157721
96161372
96166223
96177955
96183674
96187094
96189854
96194449
96203952
96217066
96240330
96245921
96247711
96265891
96267786
96280258
96282664
96291821
96295134
96298632
96313952
96316335
96335647
96349183
96368732
96371354
96382479
96399062
96399645
96400179
96400775
96412832
96425753
96428773
96434935
96435358
96444186
96463066
96466763
96467432
96484506
96488495
96499212
96499437
96502585
96514631
96516028
96518347
96519807
96538284
96544575
96552643
96556212
96559199
96566565
96594099
96601356
96605695
96608095
96614909
96618810
96651228
96656804
96676682
96683885
96695843
96699401
96700551
96713424
96720052
96721481
96726976
96727409
96729374
96730849
96733553
96734244
96747894
96754729
96756071
96759222
96765042
96772229
96780972
96791790
96794368
96796223
96826174
96829225
96836007
96837836
96840056
96848242
96848989
96864112
96864461
96889213
96892586
96907536
96917172
96945370
96947457
96962623
96965250
96984950
97005770
97014825
97021266
97023513
97023597
97030187
97066367
97071718
97084480
97086325
97092380
97108419
97118899
97142315
97145115
97178974
97179056
97199187
97199771
97202553
97208259
97208490
97213615
97216767
97252489
97254694
97258657
97261212
97264440
97282777
97296671
97299545
97320434
97326292
97326685
97329889
97338354
97342263
97344244
97373819
97379850
97382230
97389914
97425357
97427618
97429223
97442830
97445796
97446541
97469716
97476625
97479819
97489682
97500138
97521809
97524821
97532452
97533969
97547856
97553799
97558219
97563033
97571456
97573160
97577544
97590780
97639239
97647719
97647828
97660595
97662164
97665070
97665099
97678137
97686447
97687970
97698428
97703415
97718208
97733415
97738881
97761853
97765439
97767255
97767953
97768565
97776229
97778495
97783381
97798728
97803578
97811148
97825030
97825332
97841477
97846079
97864075
97866791
97881769
97891907
97892923
97900811
97921748
97922442
97940045
97948973
97961593
97969194
97969599
97973518
97973553
97976810
97978537
97978600
97986850
98006692
98007362
98019537
98030665
98031614
98035434
98035443
98037690
98046962
98058963
98061597
98065602
98083701
98090529
98099185
98108914
98121344
98125313
98138372
98140302
98153503
98159403
98159833
98159917
98169692
98176013
98178362
98187821
98192459
98200923
98208023
98217430
98219819
98220890
98222908
98229460
98248673
98261177
98261496
98270447
98272059
98276228
98287543
98292097
98300043
98309678
98311037
98321320
98356839
98358195
98361999
98363012
98363167
98366019
98376275
98377423
98395742
98423015
98423324
98428982
98434187
98439140
98443490
98459021
98471839
98475650
98479764
98500699
98505036
98514412
98514514
98521774
98542972
98556627
98567732
98570502
98582530
98588683
98588744
98590661
98631568
98639277
98643455
98644474
98652396
98654517
98657162
98659085
98659717
98662760
98669443
98673069
98675845
98687824
98688604
98688745
98692533
98694943
98696413
98700370
98735244
98749364
98768866
98769674
98770005
98770454
98787052
98846207
98846490
98850542
98853275
98855553
98870889
98884777
98905804
98925815
98934362
98958578
98969836
98975816
98989645
98996035
98996099
98999703
99000694
99010210
99018656
99032318
99050559
99064076
99090321
99094746
99102207
99110111
99111320
99117961
99122631
99128759
99137430
99158571
99164604
99174130
99177422
99187159
99205931
99220004
99227654
99245795
99262943
99273323
99279472
99286310
99289669
99307643
99324647
99343869
99347303
99356758
99374915
99377654
99378469
99384889
99396994
99407695
99419499
99427075
99431029
99439130
99458935
99463492
99466000
99482815
99493625
99501097
99513979
99526983
99528681
99530698
99560191
99582615
99586139
99587007
99588856
99594991
99601166
99610145
99614181
99619121
99642026
99645569
99649112
99654735
99657576
99673343
99691796
99700384
99714302
99714777
99724652
99731021
99767653
99772211
99775763
99776086
99776515
99781236
99782819
99788139
99805059
99809294
99828999
99834465
99843669
99843822
99844690
99866099
99866828
99871580
99881539
99884482
99897763
99899748
99904510
99940206
99954142
99955583
99956006
99959707
99964312
99964518
99967859
99990638
99996070